frequency,raw,error,smoothed,error_smoothed,equalization,parametric_eq,fixed_band_eq,equalized_raw,equalized_smoothed,target
20.00,13.00,6.23,13.00,6.23,-6.22,-5.76,-2.61,6.78,6.78,6.77
20.20,13.00,6.24,13.00,6.24,-6.24,-5.76,-2.68,6.77,6.77,6.76
20.40,13.00,6.24,13.00,6.25,-6.25,-5.76,-2.76,6.75,6.75,6.76
20.61,13.00,6.25,13.00,6.25,-6.26,-5.77,-2.83,6.74,6.74,6.75
20.81,13.00,6.26,13.00,6.26,-6.27,-5.77,-2.91,6.74,6.74,6.74
21.02,13.00,6.27,13.00,6.27,-6.27,-5.77,-3.00,6.73,6.73,6.73
21.23,13.00,6.28,13.00,6.27,-6.28,-5.77,-3.08,6.73,6.73,6.73
21.44,13.00,6.27,13.01,6.27,-6.28,-5.77,-3.17,6.73,6.73,6.74
21.66,13.00,6.28,13.01,6.28,-6.27,-5.77,-3.26,6.73,6.73,6.73
21.87,13.00,6.28,13.00,6.28,-6.27,-5.77,-3.35,6.74,6.73,6.73
22.09,12.99,6.28,12.99,6.27,-6.26,-5.77,-3.45,6.73,6.73,6.72
22.31,12.97,6.26,12.98,6.26,-6.25,-5.77,-3.55,6.73,6.73,6.72
22.54,12.95,6.25,12.95,6.24,-6.24,-5.78,-3.65,6.72,6.71,6.71
22.76,12.92,6.21,12.93,6.21,-6.23,-5.78,-3.75,6.70,6.70,6.72
22.99,12.90,6.19,12.91,6.20,-6.22,-5.78,-3.85,6.69,6.69,6.71
23.22,12.90,6.20,12.90,6.19,-6.21,-5.78,-3.96,6.70,6.70,6.70
23.45,12.90,6.20,12.90,6.20,-6.20,-5.78,-4.07,6.70,6.70,6.70
23.69,12.90,6.20,12.90,6.20,-6.20,-5.78,-4.19,6.71,6.71,6.70
23.92,12.90,6.20,12.90,6.20,-6.20,-5.78,-4.30,6.71,6.71,6.70
24.16,12.90,6.19,12.90,6.19,-6.19,-5.78,-4.42,6.71,6.71,6.71
24.40,12.90,6.18,12.91,6.19,-6.19,-5.78,-4.54,6.71,6.71,6.72
24.65,12.90,6.19,12.91,6.19,-6.19,-5.79,-4.66,6.72,6.72,6.72
24.89,12.90,6.19,12.90,6.19,-6.17,-5.79,-4.78,6.73,6.73,6.72
25.14,12.89,6.19,12.89,6.18,-6.16,-5.79,-4.90,6.73,6.73,6.71
25.39,12.86,6.16,12.86,6.16,-6.15,-5.79,-5.03,6.71,6.71,6.71
25.65,12.83,6.13,12.84,6.13,-6.14,-5.79,-5.16,6.69,6.70,6.71
25.91,12.81,6.11,12.82,6.11,-6.13,-5.79,-5.28,6.68,6.68,6.70
26.16,12.80,6.10,12.81,6.11,-6.13,-5.79,-5.41,6.68,6.68,6.70
26.43,12.80,6.11,12.80,6.11,-6.12,-5.79,-5.53,6.69,6.69,6.69
26.69,12.80,6.11,12.81,6.12,-6.11,-5.79,-5.66,6.69,6.69,6.69
26.96,12.80,6.13,12.80,6.12,-6.10,-5.79,-5.78,6.70,6.70,6.68
27.23,12.78,6.12,12.78,6.11,-6.09,-5.80,-5.90,6.69,6.69,6.67
27.50,12.75,6.09,12.76,6.09,-6.08,-5.80,-6.02,6.68,6.68,6.67
27.77,12.72,6.06,12.73,6.06,-6.06,-5.80,-6.14,6.66,6.67,6.67
28.05,12.69,6.03,12.70,6.04,-6.04,-5.80,-6.25,6.65,6.66,6.66
28.33,12.67,6.01,12.67,6.01,-6.02,-5.80,-6.36,6.66,6.65,6.66
28.62,12.64,5.99,12.64,5.99,-6.00,-5.80,-6.46,6.65,6.64,6.65
28.90,12.61,5.96,12.62,5.96,-5.98,-5.80,-6.55,6.64,6.64,6.66
29.19,12.60,5.95,12.61,5.95,-5.96,-5.80,-6.64,6.65,6.65,6.66
29.48,12.60,5.94,12.61,5.94,-5.93,-5.80,-6.72,6.67,6.67,6.67
29.78,12.60,5.94,12.60,5.94,-5.91,-5.80,-6.80,6.69,6.69,6.66
30.08,12.59,5.92,12.58,5.92,-5.90,-5.80,-6.86,6.70,6.69,6.67
30.38,12.55,5.88,12.55,5.88,-5.89,-5.80,-6.92,6.66,6.66,6.66
30.68,12.50,5.85,12.50,5.85,-5.88,-5.80,-6.96,6.63,6.62,6.66
30.99,12.46,5.81,12.47,5.82,-5.86,-5.80,-7.00,6.60,6.61,6.65
31.30,12.46,5.82,12.47,5.83,-5.83,-5.80,-7.03,6.63,6.64,6.64
31.61,12.48,5.84,12.49,5.85,-5.80,-5.80,-7.05,6.68,6.68,6.64
31.93,12.50,5.87,12.48,5.84,-5.77,-5.80,-7.06,6.73,6.71,6.63
32.24,12.43,5.81,12.42,5.80,-5.75,-5.80,-7.06,6.68,6.67,6.63
32.57,12.34,5.72,12.34,5.72,-5.74,-5.80,-7.05,6.60,6.60,6.61
32.89,12.24,5.64,12.27,5.67,-5.75,-5.80,-7.03,6.50,6.53,6.60
33.22,12.25,5.66,12.27,5.67,-5.76,-5.80,-7.00,6.49,6.50,6.60
33.55,12.33,5.73,12.31,5.72,-5.78,-5.80,-6.97,6.54,6.53,6.60
33.89,12.38,5.79,12.38,5.79,-5.80,-5.80,-6.93,6.58,6.57,6.59
34.23,12.44,5.86,12.46,5.87,-5.82,-5.80,-6.88,6.62,6.63,6.58
34.57,12.49,5.92,12.51,5.93,-5.84,-5.80,-6.83,6.66,6.67,6.58
34.92,12.55,5.99,12.51,5.94,-5.85,-5.80,-6.77,6.71,6.67,6.56
35.27,12.47,5.90,12.45,5.89,-5.84,-5.79,-6.71,6.62,6.60,6.57
35.62,12.34,5.79,12.34,5.79,-5.82,-5.79,-6.65,6.52,6.53,6.55
35.97,12.20,5.67,12.24,5.71,-5.77,-5.79,-6.58,6.43,6.47,6.53
36.33,12.19,5.67,12.20,5.68,-5.72,-5.79,-6.51,6.48,6.48,6.52
36.70,12.19,5.69,12.18,5.67,-5.66,-5.78,-6.44,6.53,6.52,6.51
37.06,12.17,5.68,12.15,5.65,-5.62,-5.78,-6.37,6.55,6.52,6.49
37.43,12.08,5.61,12.07,5.60,-5.60,-5.78,-6.30,6.48,6.47,6.48
37.81,11.98,5.53,12.01,5.56,-5.60,-5.78,-6.23,6.38,6.41,6.45
38.19,11.96,5.54,11.99,5.56,-5.61,-5.77,-6.17,6.35,6.38,6.43
38.57,12.02,5.62,12.02,5.61,-5.64,-5.77,-6.10,6.38,6.38,6.40
38.95,12.08,5.71,12.05,5.67,-5.67,-5.77,-6.04,6.41,6.38,6.38
39.34,12.06,5.71,12.06,5.71,-5.69,-5.76,-5.97,6.37,6.37,6.35
39.74,12.03,5.71,12.05,5.72,-5.71,-5.76,-5.91,6.33,6.34,6.33
40.14,12.02,5.72,12.05,5.75,-5.70,-5.75,-5.86,6.32,6.35,6.30
40.54,12.04,5.77,12.06,5.78,-5.69,-5.75,-5.80,6.36,6.37,6.28
40.94,12.07,5.82,12.00,5.75,-5.67,-5.74,-5.75,6.41,6.33,6.25
41.35,11.89,5.66,11.88,5.64,-5.65,-5.74,-5.71,6.25,6.23,6.24
41.76,11.69,5.48,11.74,5.53,-5.63,-5.73,-5.67,6.07,6.11,6.21
42.18,11.62,5.42,11.67,5.48,-5.60,-5.73,-5.63,6.01,6.06,6.19
42.60,11.71,5.54,11.69,5.52,-5.58,-5.72,-5.59,6.12,6.11,6.17
43.03,11.79,5.65,11.76,5.62,-5.58,-5.72,-5.56,6.22,6.18,6.14
43.46,11.79,5.67,11.80,5.69,-5.60,-5.71,-5.53,6.20,6.21,6.12
43.90,11.79,5.70,11.76,5.67,-5.63,-5.71,-5.51,6.17,6.14,6.10
44.33,11.70,5.64,11.68,5.61,-5.66,-5.70,-5.49,6.04,6.02,6.07
44.78,11.60,5.56,11.65,5.61,-5.69,-5.70,-5.48,5.91,5.97,6.04
45.23,11.62,5.60,11.70,5.69,-5.69,-5.69,-5.47,5.94,6.02,6.02
45.68,11.80,5.82,11.75,5.77,-5.67,-5.69,-5.46,6.13,6.08,5.98
46.13,11.84,5.90,11.69,5.75,-5.65,-5.69,-5.46,6.19,6.05,5.94
46.60,11.53,5.61,11.56,5.64,-5.62,-5.68,-5.46,5.90,5.93,5.91
47.06,11.26,5.38,11.43,5.55,-5.60,-5.68,-5.47,5.66,5.83,5.88
47.53,11.39,5.53,11.37,5.53,-5.59,-5.68,-5.48,5.79,5.78,5.85
48.01,11.49,5.70,11.35,5.54,-5.58,-5.68,-5.49,5.91,5.77,5.79
48.49,11.32,5.55,11.32,5.56,-5.57,-5.68,-5.51,5.75,5.75,5.76
48.97,11.15,5.42,11.27,5.55,-5.57,-5.68,-5.53,5.58,5.70,5.72
49.46,11.26,5.57,11.25,5.58,-5.59,-5.68,-5.55,5.67,5.67,5.68
49.96,11.37,5.74,11.29,5.65,-5.62,-5.68,-5.58,5.75,5.66,5.63
50.46,11.30,5.70,11.30,5.70,-5.65,-5.68,-5.61,5.66,5.65,5.61
50.96,11.21,5.64,11.26,5.68,-5.67,-5.69,-5.64,5.54,5.59,5.57
51.47,11.20,5.66,11.20,5.66,-5.69,-5.69,-5.67,5.52,5.52,5.54
51.99,11.19,5.70,11.20,5.70,-5.70,-5.69,-5.71,5.49,5.50,5.50
52.51,11.19,5.73,11.19,5.73,-5.71,-5.70,-5.74,5.48,5.48,5.46
53.03,11.18,5.76,11.12,5.70,-5.71,-5.70,-5.78,5.48,5.41,5.43
53.56,11.04,5.66,11.07,5.68,-5.69,-5.71,-5.82,5.35,5.37,5.38
54.10,10.95,5.61,11.05,5.71,-5.68,-5.71,-5.86,5.26,5.37,5.34
54.64,11.07,5.77,11.01,5.71,-5.68,-5.72,-5.90,5.39,5.33,5.30
55.18,11.06,5.81,10.95,5.69,-5.69,-5.72,-5.94,5.37,5.26,5.26
55.74,10.81,5.59,10.89,5.66,-5.70,-5.73,-5.98,5.11,5.18,5.22
56.29,10.74,5.54,10.81,5.63,-5.71,-5.73,-6.01,5.03,5.11,5.19
56.86,10.86,5.70,10.81,5.66,-5.71,-5.74,-6.05,5.16,5.11,5.16
57.42,10.88,5.78,10.87,5.75,-5.69,-5.74,-6.08,5.19,5.18,5.11
58.00,10.87,5.79,10.88,5.79,-5.67,-5.75,-6.11,5.21,5.21,5.09
58.58,10.80,5.74,10.80,5.74,-5.65,-5.75,-6.13,5.16,5.15,5.07
59.16,10.71,5.68,10.70,5.66,-5.64,-5.76,-6.15,5.07,5.06,5.04
59.76,10.57,5.56,10.57,5.57,-5.64,-5.76,-6.17,4.92,4.93,5.00
60.35,10.47,5.52,10.48,5.52,-5.65,-5.76,-6.18,4.82,4.83,4.95
60.96,10.41,5.49,10.46,5.55,-5.66,-5.77,-6.19,4.75,4.80,4.92
61.57,10.51,5.65,10.51,5.64,-5.68,-5.77,-6.19,4.84,4.83,4.87
62.18,10.59,5.78,10.56,5.74,-5.69,-5.77,-6.19,4.91,4.87,4.81
62.80,10.58,5.83,10.58,5.82,-5.70,-5.77,-6.18,4.88,4.88,4.76
63.43,10.53,5.82,10.55,5.83,-5.73,-5.77,-6.17,4.81,4.82,4.71
64.07,10.46,5.80,10.48,5.81,-5.75,-5.77,-6.15,4.71,4.73,4.67
64.71,10.41,5.78,10.39,5.76,-5.77,-5.77,-6.13,4.64,4.61,4.63
65.35,10.29,5.71,10.26,5.68,-5.78,-5.77,-6.10,4.51,4.48,4.58
66.01,10.15,5.60,10.16,5.62,-5.77,-5.77,-6.07,4.38,4.39,4.55
66.67,10.11,5.61,10.24,5.74,-5.75,-5.77,-6.04,4.36,4.49,4.51
67.33,10.27,5.82,10.30,5.85,-5.75,-5.76,-6.00,4.51,4.55,4.45
68.01,10.60,6.20,10.26,5.85,-5.77,-5.76,-5.95,4.84,4.49,4.41
68.69,10.03,5.66,10.18,5.82,-5.78,-5.75,-5.91,4.24,4.40,4.37
69.37,9.89,5.56,10.06,5.74,-5.79,-5.75,-5.86,4.09,4.27,4.32
70.07,10.08,5.81,9.96,5.69,-5.79,-5.74,-5.81,4.30,4.17,4.27
70.77,10.04,5.82,10.03,5.80,-5.77,-5.74,-5.75,4.28,4.26,4.23
71.48,9.99,5.81,10.02,5.84,-5.73,-5.73,-5.70,4.26,4.29,4.18
72.19,9.91,5.78,9.89,5.76,-5.71,-5.72,-5.64,4.20,4.18,4.14
72.91,9.80,5.72,9.74,5.66,-5.70,-5.72,-5.59,4.10,4.04,4.08
73.64,9.56,5.53,9.66,5.63,-5.71,-5.71,-5.53,3.86,3.96,4.03
74.38,9.57,5.58,9.64,5.64,-5.71,-5.70,-5.48,3.86,3.93,4.00
75.12,9.77,5.82,9.66,5.70,-5.72,-5.69,-5.42,4.05,3.94,3.96
75.87,9.69,5.77,9.69,5.77,-5.73,-5.68,-5.37,3.96,3.96,3.93
76.63,9.63,5.76,9.66,5.78,-5.75,-5.67,-5.32,3.89,3.92,3.88
77.40,9.59,5.75,9.61,5.76,-5.77,-5.66,-5.27,3.83,3.84,3.85
78.17,9.58,5.78,9.59,5.78,-5.77,-5.65,-5.22,3.82,3.82,3.81
78.95,9.58,5.80,9.56,5.78,-5.74,-5.64,-5.18,3.84,3.82,3.78
79.74,9.51,5.76,9.52,5.78,-5.71,-5.62,-5.14,3.81,3.82,3.75
80.54,9.44,5.73,9.45,5.73,-5.66,-5.61,-5.10,3.78,3.79,3.72
81.35,9.34,5.66,9.28,5.60,-5.63,-5.60,-5.06,3.72,3.66,3.68
82.16,9.17,5.52,9.16,5.51,-5.60,-5.58,-5.03,3.57,3.56,3.66
82.98,8.94,5.33,9.10,5.48,-5.58,-5.57,-5.00,3.35,3.51,3.61
83.81,9.16,5.59,9.09,5.51,-5.58,-5.56,-4.97,3.58,3.51,3.57
84.65,9.17,5.64,9.12,5.59,-5.58,-5.54,-4.95,3.59,3.53,3.53
85.50,9.12,5.63,9.15,5.66,-5.59,-5.53,-4.93,3.53,3.56,3.50
86.35,9.08,5.63,9.11,5.65,-5.61,-5.51,-4.91,3.48,3.50,3.46
87.22,9.08,5.67,9.08,5.66,-5.63,-5.50,-4.90,3.46,3.45,3.42
88.09,9.06,5.69,9.05,5.68,-5.63,-5.48,-4.89,3.43,3.42,3.38
88.97,8.98,5.65,9.00,5.67,-5.63,-5.46,-4.89,3.35,3.37,3.33
89.86,8.92,5.63,8.87,5.57,-5.63,-5.45,-4.88,3.29,3.24,3.29
90.76,8.79,5.53,8.79,5.54,-5.62,-5.43,-4.89,3.17,3.17,3.25
91.66,8.62,5.42,8.79,5.59,-5.61,-5.42,-4.89,3.01,3.18,3.20
92.58,8.87,5.72,8.74,5.58,-5.59,-5.40,-4.90,3.28,3.15,3.16
93.51,8.82,5.71,8.69,5.58,-5.56,-5.38,-4.92,3.26,3.12,3.11
94.44,8.47,5.41,8.70,5.64,-5.53,-5.37,-4.93,2.94,3.17,3.07
95.39,8.57,5.56,8.59,5.58,-5.51,-5.35,-4.95,3.06,3.08,3.01
96.34,8.71,5.76,8.44,5.48,-5.49,-5.33,-4.97,3.22,2.95,2.96
97.30,8.22,5.32,8.35,5.44,-5.47,-5.32,-5.00,2.75,2.87,2.90
98.28,8.06,5.21,8.22,5.37,-5.45,-5.30,-5.03,2.60,2.76,2.85
99.26,8.24,5.46,8.13,5.35,-5.45,-5.28,-5.06,2.80,2.68,2.78
100.25,8.21,5.49,8.17,5.44,-5.44,-5.27,-5.09,2.77,2.73,2.73
101.25,8.13,5.45,8.17,5.50,-5.44,-5.25,-5.13,2.69,2.73,2.68
102.27,8.10,5.48,8.12,5.49,-5.47,-5.23,-5.17,2.64,2.65,2.62
103.29,8.08,5.52,8.07,5.50,-5.48,-5.22,-5.21,2.60,2.59,2.57
104.32,8.03,5.51,8.02,5.50,-5.48,-5.20,-5.25,2.55,2.54,2.52
105.37,7.93,5.48,7.94,5.48,-5.47,-5.19,-5.29,2.47,2.48,2.46
106.42,7.85,5.45,7.86,5.45,-5.44,-5.17,-5.33,2.42,2.42,2.41
107.48,7.76,5.42,7.77,5.43,-5.39,-5.16,-5.37,2.37,2.38,2.34
108.56,7.68,5.39,7.69,5.40,-5.36,-5.14,-5.42,2.32,2.33,2.30
109.64,7.58,5.34,7.50,5.26,-5.34,-5.13,-5.46,2.24,2.16,2.24
110.74,7.41,5.23,7.39,5.20,-5.31,-5.11,-5.50,2.10,2.08,2.18
111.85,7.13,4.99,7.42,5.28,-5.28,-5.10,-5.54,1.85,2.14,2.14
112.97,7.55,5.46,7.37,5.27,-5.25,-5.09,-5.57,2.30,2.11,2.09
114.10,7.57,5.53,7.34,5.30,-5.24,-5.07,-5.61,2.33,2.10,2.05
115.24,7.00,5.01,7.33,5.34,-5.24,-5.06,-5.64,1.76,2.10,1.98
116.39,7.22,5.29,7.15,5.21,-5.24,-5.05,-5.67,1.98,1.90,1.94
117.55,7.20,5.31,7.02,5.13,-5.26,-5.04,-5.69,1.94,1.76,1.90
118.73,6.89,5.04,7.07,5.22,-5.26,-5.03,-5.71,1.64,1.82,1.85
119.92,6.98,5.18,7.09,5.27,-5.24,-5.01,-5.72,1.75,1.85,1.81
121.12,7.24,5.46,7.08,5.30,-5.23,-5.00,-5.74,2.01,1.84,1.79
122.33,7.14,5.40,7.00,5.25,-5.23,-4.99,-5.74,1.92,1.77,1.74
123.55,6.75,5.04,6.98,5.26,-5.22,-4.98,-5.74,1.53,1.75,1.71
124.79,6.70,5.02,6.88,5.20,-5.22,-4.98,-5.73,1.48,1.65,1.68
126.03,7.18,5.54,6.74,5.10,-5.20,-4.97,-5.72,1.98,1.54,1.64
127.29,6.60,5.00,6.78,5.18,-5.16,-4.96,-5.70,1.45,1.62,1.60
128.57,6.46,4.90,6.77,5.21,-5.12,-4.95,-5.68,1.35,1.66,1.56
129.85,6.96,5.43,6.62,5.09,-5.09,-4.94,-5.65,1.88,1.53,1.53
131.15,6.64,5.15,6.57,5.08,-5.07,-4.93,-5.62,1.58,1.51,1.49
132.46,6.25,4.80,6.48,5.03,-5.05,-4.93,-5.58,1.20,1.43,1.46
133.79,6.32,4.91,6.34,4.93,-5.04,-4.92,-5.54,1.28,1.30,1.41
135.12,6.46,5.09,6.36,4.98,-5.03,-4.91,-5.49,1.43,1.33,1.37
136.48,6.40,5.07,6.40,5.07,-5.01,-4.91,-5.44,1.39,1.39,1.34
137.84,6.33,5.03,6.36,5.06,-5.00,-4.90,-5.38,1.34,1.36,1.30
139.22,6.27,5.02,6.28,5.02,-4.99,-4.89,-5.32,1.29,1.29,1.25
140.61,6.20,4.98,6.21,4.99,-4.95,-4.89,-5.26,1.25,1.25,1.23
142.02,6.15,4.97,6.13,4.95,-4.92,-4.88,-5.20,1.23,1.21,1.19
143.44,6.03,4.89,6.05,4.90,-4.91,-4.87,-5.14,1.13,1.14,1.14
144.87,5.95,4.84,5.97,4.86,-4.88,-4.87,-5.07,1.08,1.09,1.11
146.32,5.90,4.83,5.89,4.81,-4.86,-4.86,-5.01,1.04,1.03,1.07
147.78,5.82,4.79,5.80,4.76,-4.86,-4.85,-4.94,0.97,0.94,1.04
149.26,5.75,4.76,5.76,4.76,-4.84,-4.85,-4.88,0.91,0.91,1.00
150.75,5.70,4.74,5.85,4.90,-4.82,-4.84,-4.81,0.87,1.03,0.95
152.26,5.93,5.01,5.88,4.96,-4.81,-4.83,-4.75,1.12,1.07,0.92
153.78,6.04,5.16,5.75,4.86,-4.80,-4.82,-4.69,1.24,0.95,0.88
155.32,5.45,4.60,5.65,4.80,-4.78,-4.81,-4.63,0.67,0.87,0.85
156.88,5.27,4.45,5.51,4.70,-4.76,-4.81,-4.57,0.50,0.75,0.81
158.44,5.66,4.90,5.35,4.58,-4.72,-4.80,-4.51,0.94,0.63,0.77
160.03,5.37,4.65,5.38,4.66,-4.66,-4.79,-4.45,0.71,0.72,0.72
161.63,5.13,4.45,5.40,4.72,-4.61,-4.77,-4.40,0.52,0.79,0.68
163.24,5.42,4.79,5.22,4.59,-4.58,-4.76,-4.35,0.85,0.65,0.63
164.88,5.27,4.68,5.14,4.55,-4.55,-4.75,-4.30,0.73,0.59,0.59
166.53,4.81,4.26,5.07,4.52,-4.51,-4.74,-4.26,0.29,0.56,0.54
168.19,4.98,4.48,4.91,4.41,-4.49,-4.72,-4.22,0.50,0.42,0.51
169.87,4.98,4.53,4.92,4.46,-4.46,-4.71,-4.18,0.52,0.45,0.46
171.57,4.82,4.41,4.96,4.54,-4.45,-4.69,-4.14,0.38,0.51,0.41
173.29,4.98,4.61,4.77,4.40,-4.44,-4.68,-4.11,0.54,0.33,0.37
175.02,4.65,4.33,4.69,4.36,-4.45,-4.66,-4.08,0.20,0.23,0.33
176.77,4.41,4.13,4.70,4.41,-4.45,-4.64,-4.05,-0.04,0.25,0.28
178.54,4.88,4.63,4.70,4.46,-4.45,-4.62,-4.03,0.43,0.25,0.25
180.32,4.86,4.66,4.75,4.54,-4.44,-4.60,-4.01,0.43,0.31,0.21
182.13,4.63,4.47,4.71,4.54,-4.41,-4.58,-3.99,0.23,0.30,0.16
183.95,4.48,4.35,4.53,4.40,-4.39,-4.56,-3.97,0.09,0.14,0.13
185.79,4.44,4.35,4.42,4.33,-4.39,-4.54,-3.96,0.05,0.03,0.09
187.65,4.38,4.32,4.38,4.32,-4.40,-4.51,-3.95,-0.02,-0.02,0.06
189.52,4.33,4.31,4.32,4.29,-4.39,-4.49,-3.95,-0.06,-0.07,0.02
191.42,4.29,4.29,4.29,4.30,-4.37,-4.46,-3.94,-0.07,-0.08,0.00
193.33,4.24,4.28,4.35,4.39,-4.34,-4.43,-3.94,-0.10,0.00,-0.04
195.27,4.40,4.48,4.36,4.43,-4.32,-4.40,-3.94,0.08,0.04,-0.08
197.22,4.45,4.57,4.33,4.44,-4.30,-4.37,-3.95,0.16,0.03,-0.11
199.19,4.12,4.27,4.22,4.36,-4.27,-4.34,-3.95,-0.15,-0.06,-0.14
201.18,4.01,4.19,3.98,4.15,-4.24,-4.31,-3.96,-0.23,-0.26,-0.18
203.19,3.85,4.06,3.85,4.05,-4.19,-4.28,-3.97,-0.34,-0.34,-0.20
205.23,3.68,3.91,3.88,4.11,-4.14,-4.24,-3.98,-0.46,-0.26,-0.23
207.28,4.00,4.26,3.80,4.06,-4.09,-4.21,-3.99,-0.08,-0.28,-0.25
209.35,3.88,4.18,3.76,4.05,-4.03,-4.17,-4.01,-0.15,-0.27,-0.30
211.44,3.47,3.79,3.80,4.13,-4.01,-4.13,-4.02,-0.54,-0.21,-0.32
213.56,3.75,4.11,3.63,3.98,-4.00,-4.09,-4.03,-0.25,-0.37,-0.36
215.69,3.83,4.21,3.54,3.92,-4.00,-4.06,-4.05,-0.17,-0.46,-0.38
217.85,3.18,3.59,3.56,3.97,-3.98,-4.02,-4.06,-0.80,-0.42,-0.40
220.03,3.51,3.96,3.48,3.92,-3.94,-3.98,-4.07,-0.43,-0.46,-0.44
222.23,3.63,4.10,3.44,3.91,-3.90,-3.93,-4.08,-0.27,-0.46,-0.47
224.45,3.41,3.90,3.47,3.96,-3.86,-3.89,-4.09,-0.44,-0.38,-0.49
226.70,3.28,3.79,3.34,3.85,-3.81,-3.85,-4.10,-0.53,-0.47,-0.51
228.96,3.24,3.76,3.23,3.75,-3.77,-3.81,-4.11,-0.53,-0.54,-0.52
231.25,3.17,3.72,3.12,3.66,-3.72,-3.76,-4.11,-0.54,-0.59,-0.54
233.57,3.06,3.62,3.06,3.61,-3.65,-3.72,-4.11,-0.59,-0.59,-0.55
235.90,2.89,3.47,3.03,3.60,-3.59,-3.67,-4.11,-0.70,-0.56,-0.57
238.26,3.08,3.66,3.02,3.59,-3.53,-3.62,-4.10,-0.45,-0.52,-0.58
240.64,3.05,3.62,2.92,3.50,-3.48,-3.58,-4.09,-0.43,-0.56,-0.57
243.05,2.81,3.39,2.84,3.42,-3.46,-3.53,-4.08,-0.64,-0.62,-0.58
245.48,2.61,3.19,2.85,3.42,-3.45,-3.48,-4.06,-0.83,-0.60,-0.58
247.93,2.91,3.50,2.84,3.42,-3.45,-3.44,-4.04,-0.54,-0.61,-0.58
250.41,3.14,3.72,2.85,3.42,-3.46,-3.39,-4.01,-0.32,-0.62,-0.57
252.92,2.65,3.22,2.89,3.47,-3.48,-3.34,-3.98,-0.82,-0.58,-0.57
255.45,2.77,3.36,2.89,3.47,-3.49,-3.29,-3.94,-0.72,-0.60,-0.59
258.00,3.07,3.67,2.93,3.52,-3.51,-3.24,-3.90,-0.43,-0.58,-0.59
260.58,3.03,3.64,2.98,3.59,-3.51,-3.20,-3.85,-0.47,-0.52,-0.60
263.19,2.92,3.53,2.93,3.54,-3.48,-3.15,-3.80,-0.55,-0.54,-0.61
265.82,2.69,3.31,2.84,3.45,-3.43,-3.10,-3.75,-0.73,-0.59,-0.61
268.48,2.82,3.45,2.74,3.37,-3.35,-3.05,-3.69,-0.53,-0.61,-0.63
271.16,2.71,3.36,2.63,3.27,-3.26,-3.00,-3.63,-0.54,-0.63,-0.65
273.87,2.43,3.09,2.52,3.18,-3.17,-2.95,-3.56,-0.73,-0.65,-0.65
276.61,2.35,3.02,2.37,3.04,-3.09,-2.90,-3.49,-0.73,-0.72,-0.67
279.38,2.29,2.98,2.28,2.95,-3.02,-2.85,-3.42,-0.73,-0.75,-0.68
282.17,2.24,2.92,2.22,2.90,-2.98,-2.80,-3.35,-0.73,-0.76,-0.68
284.99,2.17,2.86,2.18,2.86,-2.93,-2.75,-3.27,-0.76,-0.76,-0.68
287.84,2.13,2.81,2.21,2.90,-2.89,-2.70,-3.20,-0.76,-0.68,-0.68
290.72,2.26,2.96,2.27,2.96,-2.86,-2.66,-3.12,-0.59,-0.59,-0.69
293.63,2.38,3.08,2.27,2.96,-2.83,-2.61,-3.04,-0.44,-0.56,-0.70
296.57,2.18,2.87,2.17,2.86,-2.80,-2.56,-2.96,-0.62,-0.63,-0.69
299.53,1.95,2.64,1.99,2.68,-2.76,-2.51,-2.88,-0.80,-0.76,-0.68
302.53,1.82,2.51,1.92,2.61,-2.70,-2.46,-2.80,-0.88,-0.78,-0.69
305.55,1.89,2.59,1.94,2.63,-2.63,-2.41,-2.72,-0.74,-0.69,-0.69
308.61,2.10,2.79,1.90,2.59,-2.56,-2.37,-2.63,-0.45,-0.66,-0.69
311.69,1.83,2.52,1.83,2.52,-2.48,-2.32,-2.55,-0.65,-0.65,-0.69
314.81,1.54,2.24,1.75,2.44,-2.42,-2.27,-2.47,-0.88,-0.67,-0.69
317.96,1.71,2.41,1.65,2.35,-2.39,-2.22,-2.39,-0.67,-0.74,-0.70
321.14,1.72,2.42,1.61,2.31,-2.36,-2.18,-2.31,-0.63,-0.74,-0.70
324.35,1.54,2.25,1.58,2.27,-2.30,-2.13,-2.23,-0.76,-0.73,-0.70
327.59,1.43,2.13,1.52,2.22,-2.23,-2.08,-2.15,-0.80,-0.71,-0.69
330.87,1.49,2.19,1.51,2.22,-2.16,-2.04,-2.08,-0.66,-0.64,-0.70
334.18,1.59,2.30,1.50,2.21,-2.10,-1.99,-2.00,-0.51,-0.60,-0.71
337.52,1.46,2.17,1.42,2.12,-2.06,-1.94,-1.93,-0.60,-0.64,-0.70
340.90,1.20,1.90,1.25,1.95,-2.02,-1.90,-1.85,-0.81,-0.76,-0.70
344.30,1.09,1.78,1.11,1.80,-1.96,-1.85,-1.78,-0.86,-0.85,-0.69
347.75,1.03,1.72,1.09,1.78,-1.88,-1.81,-1.71,-0.84,-0.79,-0.69
351.23,1.17,1.87,1.18,1.87,-1.79,-1.76,-1.64,-0.62,-0.61,-0.69
354.74,1.27,1.95,1.22,1.90,-1.72,-1.72,-1.57,-0.44,-0.50,-0.67
358.28,1.20,1.88,1.09,1.77,-1.66,-1.67,-1.50,-0.46,-0.57,-0.68
361.87,0.88,1.55,0.89,1.55,-1.62,-1.63,-1.43,-0.73,-0.73,-0.67
365.49,0.54,1.21,0.77,1.43,-1.57,-1.58,-1.37,-1.02,-0.80,-0.66
369.14,0.78,1.44,0.75,1.40,-1.51,-1.54,-1.30,-0.73,-0.77,-0.65
372.83,0.96,1.61,0.79,1.44,-1.45,-1.50,-1.24,-0.48,-0.65,-0.64
376.56,0.78,1.44,0.87,1.52,-1.39,-1.45,-1.18,-0.60,-0.51,-0.66
380.33,0.73,1.38,0.78,1.43,-1.35,-1.41,-1.12,-0.61,-0.57,-0.65
384.13,0.78,1.43,0.65,1.29,-1.34,-1.37,-1.06,-0.55,-0.69,-0.65
387.97,0.49,1.14,0.60,1.24,-1.32,-1.32,-1.00,-0.83,-0.72,-0.64
391.85,0.52,1.17,0.60,1.24,-1.29,-1.28,-0.94,-0.76,-0.69,-0.64
395.77,0.65,1.31,0.60,1.25,-1.24,-1.24,-0.88,-0.58,-0.64,-0.65
399.73,0.68,1.35,0.59,1.25,-1.17,-1.19,-0.83,-0.49,-0.58,-0.67
403.72,0.49,1.15,0.52,1.19,-1.11,-1.15,-0.77,-0.62,-0.59,-0.66
407.76,0.30,0.97,0.42,1.09,-1.07,-1.11,-0.72,-0.76,-0.64,-0.67
411.84,0.40,1.08,0.29,0.97,-1.03,-1.07,-0.67,-0.62,-0.74,-0.68
415.96,0.25,0.94,0.22,0.91,-0.98,-1.02,-0.62,-0.72,-0.75,-0.68
420.12,0.06,0.76,0.19,0.88,-0.92,-0.98,-0.56,-0.86,-0.73,-0.69
424.32,0.19,0.88,0.14,0.82,-0.86,-0.94,-0.51,-0.66,-0.72,-0.68
428.56,0.19,0.86,0.16,0.83,-0.79,-0.89,-0.47,-0.60,-0.63,-0.66
432.85,0.12,0.77,0.19,0.83,-0.74,-0.85,-0.42,-0.61,-0.55,-0.65
437.18,0.18,0.81,0.13,0.75,-0.69,-0.81,-0.37,-0.51,-0.56,-0.63
441.55,0.06,0.66,0.04,0.63,-0.64,-0.77,-0.32,-0.58,-0.61,-0.60
445.96,-0.07,0.49,-0.04,0.52,-0.59,-0.72,-0.28,-0.65,-0.63,-0.56
450.42,-0.13,0.38,-0.06,0.45,-0.52,-0.68,-0.24,-0.64,-0.58,-0.51
454.93,-0.03,0.43,-0.02,0.44,-0.45,-0.64,-0.19,-0.47,-0.47,-0.46
459.48,0.11,0.53,0.02,0.43,-0.37,-0.59,-0.15,-0.26,-0.35,-0.41
464.07,0.01,0.36,0.04,0.38,-0.31,-0.55,-0.11,-0.30,-0.27,-0.34
468.71,-0.03,0.26,-0.00,0.28,-0.27,-0.50,-0.07,-0.30,-0.27,-0.28
473.40,-0.05,0.19,-0.06,0.17,-0.24,-0.46,-0.03,-0.29,-0.30,-0.23
478.13,-0.06,0.12,-0.05,0.12,-0.21,-0.41,0.01,-0.26,-0.26,-0.17
482.91,-0.05,0.08,0.01,0.13,-0.16,-0.37,0.04,-0.21,-0.15,-0.12
487.74,0.08,0.16,0.06,0.13,-0.11,-0.32,0.08,-0.02,-0.05,-0.08
492.62,0.16,0.20,0.11,0.14,-0.05,-0.28,0.11,0.12,0.06,-0.04
497.55,0.03,0.04,0.10,0.10,0.00,-0.23,0.15,0.04,0.10,-0.01
502.52,0.05,0.03,-0.01,-0.04,0.04,-0.18,0.18,0.10,0.03,0.02
507.55,-0.12,-0.17,-0.11,-0.16,0.08,-0.13,0.21,-0.03,-0.03,0.05
512.62,-0.25,-0.31,-0.14,-0.20,0.13,-0.09,0.24,-0.11,-0.01,0.06
517.75,-0.13,-0.20,-0.18,-0.25,0.18,-0.04,0.27,0.06,0.00,0.07
522.93,-0.12,-0.18,-0.19,-0.25,0.24,0.01,0.30,0.12,0.05,0.06
528.16,-0.27,-0.32,-0.18,-0.23,0.29,0.06,0.33,0.02,0.11,0.05
533.44,-0.26,-0.29,-0.25,-0.28,0.34,0.11,0.35,0.08,0.09,0.03
538.77,-0.27,-0.26,-0.34,-0.34,0.38,0.17,0.38,0.12,0.04,-0.00
544.16,-0.46,-0.43,-0.42,-0.40,0.43,0.22,0.40,-0.02,0.01,-0.02
549.60,-0.58,-0.52,-0.56,-0.51,0.49,0.27,0.43,-0.08,-0.07,-0.05
555.10,-0.67,-0.58,-0.70,-0.61,0.56,0.33,0.46,-0.11,-0.14,-0.08
560.65,-0.81,-0.69,-0.77,-0.65,0.63,0.38,0.48,-0.18,-0.14,-0.11
566.25,-0.85,-0.69,-0.84,-0.69,0.68,0.44,0.50,-0.16,-0.15,-0.15
571.92,-0.86,-0.68,-0.91,-0.74,0.73,0.49,0.53,-0.13,-0.18,-0.17
577.64,-1.00,-0.79,-0.98,-0.78,0.77,0.55,0.55,-0.23,-0.21,-0.20
583.41,-1.08,-0.85,-1.04,-0.82,0.80,0.61,0.58,-0.27,-0.24,-0.22
589.25,-1.09,-0.85,-1.08,-0.84,0.84,0.67,0.60,-0.24,-0.24,-0.23
595.14,-1.07,-0.82,-1.09,-0.85,0.89,0.73,0.63,-0.18,-0.21,-0.24
601.09,-1.13,-0.88,-1.13,-0.89,0.94,0.79,0.65,-0.19,-0.19,-0.24
607.10,-1.19,-0.96,-1.19,-0.96,1.00,0.86,0.68,-0.19,-0.19,-0.23
613.17,-1.27,-1.06,-1.26,-1.06,1.05,0.92,0.70,-0.22,-0.21,-0.21
619.30,-1.31,-1.14,-1.31,-1.14,1.10,0.98,0.73,-0.20,-0.20,-0.17
625.50,-1.34,-1.21,-1.33,-1.20,1.15,1.05,0.75,-0.18,-0.17,-0.13
631.75,-1.32,-1.24,-1.32,-1.24,1.21,1.11,0.78,-0.11,-0.11,-0.08
638.07,-1.28,-1.26,-1.28,-1.26,1.26,1.18,0.81,-0.02,-0.02,-0.02
644.45,-1.25,-1.29,-1.23,-1.27,1.30,1.25,0.84,0.06,0.07,0.04
650.89,-1.18,-1.28,-1.19,-1.30,1.34,1.31,0.87,0.16,0.15,0.10
657.40,-1.15,-1.33,-1.17,-1.34,1.36,1.38,0.90,0.22,0.19,0.18
663.98,-1.19,-1.42,-1.16,-1.40,1.39,1.45,0.93,0.20,0.23,0.23
670.62,-1.16,-1.46,-1.14,-1.45,1.42,1.51,0.96,0.26,0.27,0.30
677.32,-1.11,-1.48,-1.11,-1.48,1.45,1.58,0.99,0.34,0.33,0.37
684.10,-1.06,-1.49,-1.06,-1.50,1.48,1.64,1.03,0.43,0.42,0.43
690.94,-1.03,-1.52,-1.01,-1.50,1.53,1.71,1.06,0.50,0.51,0.49
697.85,-0.99,-1.53,-0.99,-1.53,1.57,1.77,1.10,0.59,0.59,0.54
704.83,-0.96,-1.55,-0.99,-1.58,1.62,1.83,1.13,0.66,0.63,0.59
711.87,-1.03,-1.66,-1.01,-1.64,1.66,1.89,1.17,0.63,0.65,0.63
718.99,-1.07,-1.74,-1.05,-1.72,1.70,1.95,1.21,0.64,0.65,0.67
726.18,-1.09,-1.79,-1.10,-1.80,1.75,2.00,1.25,0.66,0.65,0.70
733.44,-1.12,-1.84,-1.11,-1.84,1.80,2.06,1.29,0.68,0.68,0.72
740.78,-1.14,-1.89,-1.11,-1.86,1.85,2.10,1.33,0.71,0.74,0.75
748.19,-1.08,-1.86,-1.10,-1.87,1.89,2.15,1.37,0.81,0.79,0.78
755.67,-1.08,-1.88,-1.09,-1.90,1.93,2.19,1.41,0.86,0.84,0.80
763.23,-1.12,-1.95,-1.10,-1.93,1.97,2.23,1.46,0.85,0.87,0.83
770.86,-1.14,-2.00,-1.13,-1.99,2.00,2.26,1.50,0.87,0.87,0.86
778.57,-1.15,-2.05,-1.16,-2.06,2.04,2.29,1.55,0.89,0.88,0.90
786.35,-1.17,-2.11,-1.16,-2.10,2.07,2.31,1.59,0.91,0.92,0.94
794.22,-1.16,-2.15,-1.13,-2.13,2.11,2.33,1.64,0.95,0.98,1.00
802.16,-1.08,-2.12,-1.10,-2.15,2.14,2.35,1.68,1.07,1.04,1.05
810.18,-1.05,-2.14,-1.06,-2.16,2.17,2.36,1.73,1.12,1.11,1.10
818.28,-1.05,-2.19,-1.02,-2.17,2.19,2.36,1.78,1.14,1.17,1.15
826.46,-0.99,-2.18,-1.00,-2.20,2.20,2.36,1.82,1.21,1.20,1.20
834.73,-0.95,-2.21,-0.97,-2.23,2.21,2.35,1.87,1.27,1.24,1.27
843.08,-0.96,-2.27,-0.92,-2.24,2.23,2.34,1.91,1.27,1.31,1.32
851.51,-0.87,-2.24,-0.85,-2.23,2.25,2.33,1.96,1.38,1.40,1.38
860.02,-0.76,-2.19,-0.80,-2.23,2.26,2.31,2.00,1.51,1.46,1.44
868.62,-0.74,-2.23,-0.76,-2.25,2.28,2.29,2.04,1.54,1.52,1.50
877.31,-0.78,-2.32,-0.74,-2.29,2.29,2.26,2.09,1.51,1.55,1.55
886.08,-0.73,-2.33,-0.72,-2.32,2.29,2.23,2.12,1.57,1.57,1.61
894.94,-0.67,-2.31,-0.67,-2.32,2.30,2.20,2.16,1.63,1.62,1.65
903.89,-0.61,-2.30,-0.61,-2.31,2.30,2.17,2.20,1.69,1.69,1.70
912.93,-0.54,-2.28,-0.54,-2.29,2.30,2.14,2.23,1.76,1.75,1.75
922.06,-0.50,-2.29,-0.48,-2.28,2.29,2.10,2.26,1.80,1.81,1.80
931.28,-0.42,-2.26,-0.42,-2.26,2.29,2.06,2.28,1.87,1.87,1.85
940.59,-0.36,-2.25,-0.36,-2.25,2.27,2.02,2.31,1.92,1.92,1.90
950.00,-0.30,-2.23,-0.32,-2.26,2.26,1.98,2.33,1.96,1.94,1.94
959.50,-0.29,-2.26,-0.28,-2.26,2.25,1.94,2.34,1.96,1.97,1.98
969.09,-0.26,-2.28,-0.22,-2.24,2.23,1.90,2.35,1.98,2.01,2.03
978.78,-0.13,-2.19,-0.16,-2.23,2.21,1.86,2.36,2.09,2.05,2.07
988.57,-0.07,-2.18,-0.08,-2.19,2.18,1.82,2.36,2.12,2.11,2.12
998.46,-0.02,-2.16,0.01,-2.14,2.15,1.78,2.36,2.13,2.16,2.15
1008.44,0.08,-2.10,0.08,-2.11,2.10,1.74,2.36,2.19,2.18,2.19
1018.53,0.18,-2.03,0.16,-2.06,2.05,1.70,2.34,2.24,2.21,2.22
1028.71,0.22,-2.02,0.25,-2.00,1.99,1.66,2.33,2.22,2.24,2.25
1039.00,0.33,-1.93,0.33,-1.94,1.93,1.62,2.31,2.27,2.26,2.27
1049.39,0.42,-1.87,0.43,-1.87,1.87,1.59,2.29,2.29,2.30,2.30
1059.88,0.53,-1.79,0.54,-1.78,1.80,1.55,2.26,2.33,2.34,2.33
1070.48,0.65,-1.70,0.63,-1.73,1.73,1.52,2.23,2.38,2.36,2.36
1081.19,0.72,-1.66,0.72,-1.67,1.66,1.48,2.19,2.38,2.38,2.39
1092.00,0.77,-1.64,0.81,-1.60,1.60,1.45,2.16,2.37,2.41,2.42
1102.92,0.91,-1.52,0.90,-1.54,1.54,1.42,2.11,2.45,2.44,2.44
1113.95,0.99,-1.45,0.98,-1.47,1.49,1.39,2.07,2.49,2.47,2.45
1125.09,1.05,-1.42,1.05,-1.43,1.45,1.36,2.02,2.51,2.50,2.48
1136.34,1.08,-1.41,1.09,-1.40,1.42,1.33,1.98,2.50,2.51,2.50
1147.70,1.12,-1.40,1.14,-1.39,1.39,1.30,1.92,2.51,2.53,2.53
1159.18,1.20,-1.35,1.18,-1.38,1.37,1.28,1.87,2.57,2.54,2.56
1170.77,1.22,-1.35,1.24,-1.34,1.34,1.25,1.82,2.57,2.58,2.58
1182.48,1.28,-1.33,1.30,-1.31,1.31,1.23,1.76,2.60,2.61,2.62
1194.30,1.39,-1.25,1.36,-1.29,1.27,1.21,1.70,2.67,2.63,2.65
1206.25,1.43,-1.26,1.44,-1.25,1.22,1.19,1.65,2.66,2.66,2.70
1218.31,1.51,-1.21,1.53,-1.19,1.17,1.17,1.59,2.68,2.70,2.73
1230.49,1.64,-1.11,1.64,-1.11,1.10,1.15,1.53,2.74,2.74,2.76
1242.80,1.77,-1.01,1.78,-1.01,1.03,1.13,1.47,2.80,2.80,2.79
1255.22,1.91,-0.90,1.89,-0.94,0.95,1.11,1.41,2.87,2.84,2.82
1267.78,1.99,-0.88,1.99,-0.88,0.88,1.09,1.35,2.87,2.87,2.88
1280.45,2.06,-0.85,2.10,-0.82,0.81,1.08,1.29,2.88,2.92,2.92
1293.26,2.22,-0.75,2.22,-0.76,0.77,1.06,1.23,2.99,2.99,2.98
1306.19,2.35,-0.68,2.34,-0.69,0.73,1.05,1.17,3.08,3.07,3.04
1319.25,2.45,-0.64,2.44,-0.65,0.70,1.04,1.11,3.15,3.14,3.10
1332.45,2.50,-0.65,2.51,-0.65,0.67,1.02,1.05,3.17,3.17,3.16
1345.77,2.54,-0.68,2.55,-0.67,0.64,1.01,0.99,3.18,3.19,3.23
1359.23,2.62,-0.67,2.60,-0.69,0.62,1.00,0.93,3.25,3.22,3.30
1372.82,2.67,-0.69,2.73,-0.64,0.61,0.99,0.87,3.28,3.34,3.37
1386.55,2.84,-0.59,2.87,-0.57,0.60,0.98,0.82,3.44,3.47,3.44
1400.41,3.08,-0.43,2.97,-0.54,0.59,0.97,0.76,3.67,3.56,3.52
1414.42,3.04,-0.55,3.06,-0.54,0.57,0.96,0.70,3.62,3.63,3.60
1428.56,3.04,-0.62,3.11,-0.56,0.55,0.95,0.65,3.59,3.66,3.67
1442.85,3.19,-0.56,3.19,-0.57,0.52,0.94,0.59,3.71,3.71,3.76
1457.28,3.34,-0.51,3.32,-0.53,0.49,0.93,0.54,3.83,3.81,3.86
1471.85,3.46,-0.47,3.45,-0.49,0.47,0.92,0.48,3.93,3.92,3.94
1486.57,3.56,-0.47,3.59,-0.45,0.45,0.91,0.43,4.01,4.04,4.04
1501.43,3.71,-0.42,3.74,-0.40,0.43,0.91,0.37,4.14,4.17,4.14
1516.45,3.90,-0.34,3.86,-0.39,0.42,0.90,0.32,4.32,4.28,4.25
1531.61,4.00,-0.36,3.98,-0.38,0.42,0.89,0.27,4.42,4.40,4.37
1546.93,4.01,-0.46,4.11,-0.37,0.42,0.88,0.22,4.44,4.53,4.48
1562.40,4.23,-0.36,4.16,-0.43,0.43,0.87,0.17,4.67,4.60,4.60
1578.02,4.29,-0.42,4.22,-0.49,0.44,0.87,0.12,4.74,4.66,4.72
1593.80,4.20,-0.62,4.34,-0.49,0.45,0.86,0.07,4.65,4.79,4.83
1609.74,4.44,-0.51,4.45,-0.51,0.45,0.85,0.02,4.90,4.91,4.96
1625.84,4.71,-0.37,4.62,-0.47,0.45,0.84,-0.03,5.17,5.07,5.09
1642.10,4.77,-0.45,4.81,-0.41,0.44,0.83,-0.07,5.22,5.25,5.23
1658.52,4.94,-0.41,4.97,-0.39,0.42,0.82,-0.12,5.37,5.39,5.36
1675.10,5.09,-0.38,5.09,-0.39,0.40,0.81,-0.16,5.49,5.49,5.48
1691.85,5.29,-0.31,5.24,-0.36,0.37,0.80,-0.21,5.66,5.61,5.61
1708.77,5.34,-0.40,5.38,-0.37,0.34,0.79,-0.25,5.69,5.72,5.75
1725.86,5.52,-0.36,5.54,-0.34,0.33,0.78,-0.29,5.85,5.87,5.89
1743.12,5.70,-0.32,5.72,-0.31,0.31,0.76,-0.32,6.02,6.03,6.03
1760.55,5.93,-0.23,5.88,-0.29,0.30,0.75,-0.36,6.23,6.18,6.17
1778.15,6.04,-0.26,6.01,-0.29,0.29,0.73,-0.39,6.33,6.30,6.31
1795.94,6.05,-0.38,6.16,-0.28,0.29,0.72,-0.43,6.34,6.45,6.44
1813.90,6.31,-0.27,6.28,-0.31,0.29,0.70,-0.45,6.61,6.57,6.59
1832.03,6.50,-0.22,6.44,-0.29,0.31,0.68,-0.48,6.81,6.74,6.73
1850.36,6.51,-0.35,6.63,-0.24,0.32,0.66,-0.50,6.84,6.95,6.87
1868.86,6.76,-0.24,6.69,-0.32,0.34,0.63,-0.53,7.10,7.02,7.01
1887.55,6.85,-0.30,6.75,-0.40,0.34,0.60,-0.54,7.19,7.09,7.16
1906.42,6.72,-0.57,6.92,-0.37,0.33,0.58,-0.56,7.05,7.25,7.30
1925.49,7.08,-0.35,7.08,-0.36,0.30,0.54,-0.57,7.39,7.38,7.44
1944.74,7.43,-0.15,7.26,-0.32,0.27,0.51,-0.58,7.71,7.53,7.59
1964.19,7.43,-0.28,7.51,-0.22,0.24,0.47,-0.58,7.68,7.75,7.72
1983.83,7.59,-0.27,7.72,-0.14,0.21,0.43,-0.58,7.80,7.93,7.87
2003.67,7.99,-0.01,7.90,-0.10,0.16,0.38,-0.58,8.15,8.06,8.01
2023.71,8.19,0.06,8.09,-0.05,0.09,0.33,-0.58,8.29,8.18,8.14
2043.94,8.13,-0.13,8.25,-0.01,0.02,0.27,-0.57,8.16,8.28,8.27
2064.38,8.33,-0.05,8.35,-0.04,-0.06,0.21,-0.55,8.28,8.29,8.39
2085.03,8.61,0.10,8.53,0.01,-0.13,0.15,-0.53,8.48,8.40,8.52
2105.88,8.71,0.06,8.82,0.16,-0.20,0.08,-0.52,8.51,8.61,8.66
2126.94,9.12,0.33,9.11,0.32,-0.27,-0.00,-0.49,8.85,8.84,8.80
2148.20,9.41,0.49,9.38,0.45,-0.34,-0.08,-0.47,9.07,9.04,8.93
2169.69,9.62,0.56,9.58,0.51,-0.42,-0.17,-0.43,9.21,9.16,9.07
2191.38,9.70,0.51,9.70,0.50,-0.50,-0.26,-0.40,9.21,9.20,9.20
2213.30,9.71,0.39,9.84,0.51,-0.58,-0.36,-0.37,9.14,9.26,9.33
2235.43,10.04,0.59,9.98,0.53,-0.62,-0.46,-0.33,9.43,9.36,9.46
2257.78,10.21,0.65,10.15,0.58,-0.63,-0.57,-0.29,9.59,9.53,9.57
2280.36,10.26,0.58,10.36,0.68,-0.62,-0.67,-0.25,9.65,9.74,9.69
2303.17,10.51,0.73,10.53,0.74,-0.61,-0.78,-0.20,9.90,9.92,9.79
2326.20,10.70,0.81,10.63,0.73,-0.62,-0.88,-0.15,10.08,10.01,9.90
2349.46,10.73,0.73,10.62,0.63,-0.64,-0.97,-0.11,10.10,9.98,10.01
2372.95,10.50,0.42,10.59,0.51,-0.66,-1.05,-0.06,9.85,9.94,10.09
2396.68,10.51,0.36,10.69,0.53,-0.67,-1.11,-0.00,9.84,10.02,10.16
2420.65,10.95,0.72,10.88,0.65,-0.69,-1.16,0.05,10.27,10.19,10.24
2444.86,11.27,0.97,11.11,0.80,-0.72,-1.18,0.10,10.56,10.39,10.31
2469.31,11.20,0.81,11.29,0.89,-0.78,-1.18,0.16,10.42,10.51,10.40
2494.00,11.30,0.82,11.36,0.88,-0.88,-1.15,0.22,10.42,10.48,10.49
2518.94,11.52,0.96,11.47,0.91,-1.01,-1.10,0.28,10.52,10.47,10.57
2544.13,11.63,0.99,11.66,1.00,-1.12,-1.03,0.33,10.52,10.54,10.65
2569.57,11.89,1.14,11.88,1.13,-1.20,-0.93,0.39,10.70,10.69,10.76
2595.27,12.06,1.21,12.14,1.29,-1.24,-0.81,0.46,10.83,10.91,10.86
2621.22,12.41,1.45,12.37,1.40,-1.25,-0.68,0.52,11.16,11.11,10.97
2647.43,12.55,1.49,12.46,1.40,-1.25,-0.53,0.58,11.30,11.21,11.07
2673.90,12.40,1.25,12.43,1.28,-1.22,-0.38,0.64,11.19,11.21,11.16
2700.64,12.27,1.04,12.31,1.07,-1.14,-0.22,0.71,11.14,11.17,11.24
2727.65,12.16,0.85,12.22,0.91,-1.01,-0.06,0.77,11.16,11.21,11.32
2754.93,12.18,0.80,12.17,0.79,-0.83,0.11,0.84,11.36,11.34,11.39
2782.48,12.15,0.72,12.10,0.66,-0.61,0.27,0.91,11.54,11.48,11.44
2810.30,11.91,0.44,11.93,0.46,-0.38,0.42,0.97,11.53,11.55,11.48
2838.40,11.71,0.22,11.69,0.20,-0.15,0.58,1.04,11.57,11.55,11.50
2866.79,11.37,-0.13,11.42,-0.09,0.09,0.73,1.11,11.46,11.51,11.51
2895.46,11.17,-0.35,11.15,-0.37,0.32,0.87,1.18,11.50,11.48,11.53
2924.41,10.91,-0.62,10.91,-0.63,0.57,1.01,1.25,11.48,11.48,11.54
2953.65,10.66,-0.88,10.70,-0.84,0.81,1.15,1.32,11.48,11.52,11.55
2983.19,10.52,-1.03,10.50,-1.05,1.04,1.28,1.40,11.57,11.55,11.56
3013.02,10.34,-1.22,10.33,-1.24,1.24,1.41,1.47,11.59,11.57,11.57
3043.15,10.14,-1.43,10.16,-1.41,1.42,1.53,1.54,11.56,11.58,11.58
3073.58,9.97,-1.60,9.97,-1.61,1.58,1.66,1.62,11.55,11.55,11.58
3104.32,9.82,-1.76,9.81,-1.77,1.73,1.78,1.69,11.56,11.55,11.59
3135.36,9.65,-1.94,9.70,-1.89,1.88,1.90,1.77,11.54,11.59,11.60
3166.72,9.59,-1.99,9.58,-2.00,2.04,2.01,1.84,11.63,11.62,11.59
3198.38,9.48,-2.08,9.43,-2.14,2.20,2.13,1.92,11.68,11.62,11.57
3230.37,9.22,-2.33,9.25,-2.31,2.36,2.25,2.00,11.58,11.60,11.56
3262.67,9.00,-2.53,9.03,-2.51,2.52,2.38,2.08,11.53,11.55,11.54
3295.30,8.81,-2.70,8.80,-2.71,2.69,2.50,2.15,11.51,11.50,11.52
3328.25,8.62,-2.88,8.62,-2.88,2.87,2.62,2.23,11.50,11.49,11.51
3361.53,8.42,-3.05,8.44,-3.03,3.05,2.75,2.31,11.47,11.49,11.48
3395.15,8.27,-3.18,8.26,-3.19,3.21,2.88,2.38,11.48,11.46,11.46
3429.10,8.09,-3.32,8.07,-3.35,3.34,3.01,2.46,11.43,11.41,11.42
3463.39,7.87,-3.50,7.91,-3.47,3.43,3.14,2.53,11.31,11.34,11.38
3498.03,7.76,-3.58,7.77,-3.57,3.50,3.27,2.61,11.26,11.26,11.35
3533.01,7.68,-3.61,7.68,-3.61,3.54,3.39,2.68,11.22,11.22,11.30
3568.34,7.62,-3.61,7.64,-3.59,3.57,3.51,2.75,11.20,11.22,11.24
3604.02,7.61,-3.55,7.61,-3.56,3.60,3.61,2.81,11.21,11.21,11.17
3640.06,7.57,-3.52,7.55,-3.54,3.63,3.69,2.88,11.20,11.18,11.10
3676.46,7.44,-3.56,7.45,-3.56,3.66,3.75,2.94,11.11,11.11,11.01
3713.22,7.30,-3.63,7.30,-3.63,3.70,3.79,3.00,11.01,11.01,10.94
3750.36,7.12,-3.73,7.12,-3.73,3.75,3.81,3.06,10.87,10.87,10.86
3787.86,6.94,-3.82,6.94,-3.83,3.79,3.80,3.11,10.74,10.74,10.77
3825.74,6.78,-3.90,6.79,-3.90,3.83,3.78,3.16,10.61,10.61,10.69
3864.00,6.66,-3.94,6.68,-3.93,3.84,3.75,3.20,10.50,10.52,10.61
3902.64,6.62,-3.90,6.63,-3.90,3.82,3.70,3.24,10.45,10.46,10.53
3941.66,6.64,-3.81,6.65,-3.81,3.78,3.65,3.28,10.43,10.43,10.46
3981.08,6.69,-3.70,6.69,-3.71,3.72,3.60,3.31,10.42,10.41,10.40
4020.89,6.74,-3.59,6.73,-3.60,3.65,3.55,3.33,10.39,10.38,10.34
4061.10,6.75,-3.52,6.77,-3.51,3.57,3.50,3.35,10.32,10.34,10.28
4101.71,6.79,-3.43,6.78,-3.45,3.49,3.45,3.37,10.29,10.27,10.23
4142.73,6.79,-3.40,6.79,-3.40,3.43,3.40,3.39,10.23,10.22,10.20
4184.15,6.77,-3.39,6.80,-3.37,3.38,3.36,3.39,10.16,10.18,10.17
4226.00,6.82,-3.32,6.80,-3.35,3.34,3.31,3.40,10.16,10.13,10.15
4268.26,6.80,-3.32,6.81,-3.31,3.29,3.27,3.40,10.09,10.10,10.13
4310.94,6.81,-3.28,6.83,-3.27,3.23,3.23,3.40,10.04,10.06,10.10
4354.05,6.86,-3.20,6.86,-3.21,3.16,3.19,3.39,10.02,10.02,10.07
4397.59,6.90,-3.12,6.91,-3.11,3.08,3.14,3.38,9.98,9.99,10.03
4441.56,6.99,-2.99,6.99,-3.00,2.99,3.10,3.37,9.98,9.98,9.99
4485.98,7.05,-2.90,7.06,-2.89,2.90,3.05,3.36,9.95,9.96,9.96
4530.84,7.13,-2.77,7.13,-2.78,2.82,2.99,3.35,9.95,9.95,9.91
4576.15,7.17,-2.70,7.17,-2.70,2.75,2.94,3.33,9.92,9.91,9.88
4621.91,7.18,-2.64,7.18,-2.65,2.69,2.88,3.32,9.88,9.87,9.83
4668.13,7.13,-2.64,7.15,-2.63,2.65,2.82,3.30,9.79,9.80,9.78
4714.81,7.10,-2.61,7.08,-2.63,2.63,2.75,3.29,9.73,9.71,9.72
4761.96,6.98,-2.65,6.99,-2.64,2.61,2.69,3.27,9.60,9.61,9.64
4809.58,6.88,-2.66,6.89,-2.65,2.60,2.63,3.25,9.49,9.49,9.55
4857.67,6.77,-2.65,6.78,-2.64,2.60,2.58,3.24,9.38,9.38,9.43
4906.25,6.66,-2.62,6.67,-2.62,2.61,2.54,3.23,9.28,9.28,9.29
4955.31,6.55,-2.58,6.54,-2.60,2.63,2.52,3.22,9.18,9.17,9.14
5004.87,6.38,-2.60,6.39,-2.60,2.65,2.51,3.21,9.04,9.04,8.99
5054.91,6.19,-2.64,6.21,-2.62,2.68,2.54,3.20,8.88,8.89,8.84
5105.46,6.01,-2.66,5.99,-2.69,2.71,2.57,3.19,8.72,8.69,8.68
5156.52,5.75,-2.75,5.74,-2.76,2.73,2.64,3.19,8.49,8.48,8.51
5208.08,5.47,-2.85,5.50,-2.82,2.75,2.71,3.19,8.22,8.25,8.33
5260.16,5.26,-2.87,5.27,-2.86,2.76,2.81,3.19,8.03,8.03,8.14
5312.77,5.08,-2.84,5.08,-2.85,2.77,2.91,3.20,7.86,7.85,7.93
5365.89,4.88,-2.82,4.91,-2.80,2.79,3.03,3.21,7.68,7.70,7.71
5419.55,4.73,-2.76,4.71,-2.79,2.84,3.14,3.22,7.57,7.55,7.50
5473.75,4.49,-2.79,4.47,-2.82,2.92,3.25,3.24,7.41,7.38,7.29
5528.49,4.14,-2.93,4.19,-2.89,3.02,3.36,3.25,7.17,7.21,7.08
5583.77,3.84,-3.03,3.82,-3.05,3.16,3.46,3.28,7.00,6.98,6.88
5639.61,3.44,-3.22,3.39,-3.27,3.31,3.57,3.30,6.75,6.70,6.67
5696.00,2.91,-3.55,2.92,-3.54,3.47,3.66,3.33,6.39,6.40,6.47
5752.96,2.44,-3.82,2.45,-3.80,3.65,3.75,3.36,6.09,6.10,6.27
5810.49,2.04,-4.01,2.11,-3.94,3.81,3.83,3.40,5.86,5.92,6.06
5868.60,1.82,-4.01,1.85,-3.99,3.95,3.91,3.44,5.78,5.80,5.84
5927.28,1.69,-3.93,1.58,-4.03,4.07,3.98,3.48,5.76,5.65,5.63
5986.56,1.27,-4.12,1.26,-4.12,4.17,4.05,3.53,5.44,5.42,5.40
6046.42,0.83,-4.31,0.90,-4.23,4.26,4.11,3.58,5.09,5.15,5.15
6106.89,0.47,-4.40,0.55,-4.32,4.34,4.17,3.64,4.81,4.89,4.88
6167.96,0.26,-4.36,0.24,-4.37,4.42,4.23,3.70,4.69,4.66,4.63
6229.64,-0.10,-4.46,-0.10,-4.47,4.52,4.28,3.76,4.42,4.41,4.37
6291.93,-0.60,-4.71,-0.50,-4.62,4.61,4.33,3.83,4.02,4.12,4.12
6354.85,-1.07,-4.94,-0.87,-4.77,4.71,4.38,3.90,3.64,3.84,3.88
6418.40,-1.42,-5.05,-1.15,-4.84,4.80,4.43,3.97,3.38,3.64,3.64
6482.58,-1.61,-5.01,-1.35,-4.86,4.87,4.48,4.05,3.26,3.52,3.41
6547.41,-1.91,-5.10,-1.52,-4.88,4.92,4.52,4.13,3.02,3.40,3.20
6612.88,-2.26,-5.27,-1.69,-4.93,4.96,4.56,4.21,2.70,3.27,3.02
6679.01,-2.61,-5.45,-1.83,-5.00,4.96,4.60,4.30,2.36,3.13,2.85
6745.80,-2.88,-5.54,-1.89,-5.01,4.94,4.64,4.38,2.06,3.04,2.67
6813.26,-3.08,-5.56,-1.88,-4.96,4.90,4.68,4.47,1.83,3.02,2.49
6881.39,-3.22,-5.51,-1.81,-4.88,4.87,4.72,4.56,1.65,3.05,2.30
6950.21,-3.30,-5.40,-1.73,-4.81,4.83,4.76,4.65,1.54,3.10,2.11
7019.71,-3.34,-5.23,-1.64,-4.75,4.80,4.79,4.74,1.46,3.15,1.90
7089.91,-3.46,-5.14,-1.57,-4.72,4.77,4.83,4.82,1.32,3.20,1.69
7160.81,-3.50,-4.94,-1.54,-4.72,4.76,4.86,4.91,1.27,3.23,1.45
7232.41,-3.56,-4.74,-1.53,-4.75,4.78,4.89,4.99,1.22,3.24,1.19
7304.74,-3.69,-4.58,-1.56,-4.81,4.82,4.92,5.07,1.13,3.26,0.90
7377.79,-3.85,-4.44,-1.60,-4.88,4.87,4.95,5.14,1.02,3.27,0.60
7451.56,-4.06,-4.32,-1.65,-4.95,4.93,4.98,5.21,0.87,3.28,0.27
7526.08,-4.19,-4.12,-1.70,-5.01,4.99,5.01,5.26,0.80,3.29,-0.06
7601.34,-4.23,-3.83,-1.74,-5.06,5.04,5.03,5.32,0.82,3.30,-0.39
7677.35,-4.19,-3.50,-1.79,-5.10,5.08,5.05,5.35,0.90,3.29,-0.68
7754.13,-4.02,-3.06,-1.82,-5.12,5.11,5.07,5.39,1.09,3.29,-0.95
7831.67,-3.89,-2.69,-1.84,-5.13,5.12,5.09,5.40,1.23,3.27,-1.19
7909.98,-3.68,-2.30,-1.86,-5.12,5.11,5.11,5.42,1.44,3.25,-1.37
7989.08,-3.29,-1.78,-1.87,-5.10,5.10,5.11,5.40,1.81,3.23,-1.50
8068.98,-2.92,-1.32,-1.88,-5.07,5.08,5.12,5.39,2.16,3.20,-1.59
8149.67,-2.55,-0.93,-1.89,-5.04,5.05,5.12,5.35,2.50,3.16,-1.61
8231.16,-2.18,-0.62,-1.90,-5.00,5.02,5.12,5.31,2.84,3.12,-1.55
8313.47,-1.71,-0.27,-1.91,-4.97,4.98,5.11,5.25,3.27,3.07,-1.43
8396.61,-1.39,-0.14,-1.93,-4.94,4.94,5.10,5.18,3.55,3.00,-1.24
8480.57,-1.13,-0.15,-1.96,-4.91,4.90,5.07,5.09,3.77,2.94,-0.97
8565.38,-1.02,-0.34,-1.97,-4.87,4.85,5.05,5.01,3.84,2.88,-0.67
8651.03,-0.80,-0.51,-1.99,-4.82,4.81,5.01,4.90,4.01,2.82,-0.28
8737.54,-0.54,-0.68,-2.00,-4.77,4.77,4.97,4.79,4.23,2.77,0.15
8824.92,-0.80,-1.43,-2.01,-4.71,4.73,4.91,4.67,3.94,2.72,0.64
8913.17,-0.94,-2.06,-2.04,-4.67,4.70,4.86,4.55,3.76,2.66,1.13
9002.30,-0.93,-2.55,-2.08,-4.64,4.66,4.79,4.41,3.74,2.59,1.63
9092.32,-1.09,-3.17,-2.12,-4.62,4.63,4.73,4.28,3.54,2.50,2.09
9183.25,-1.12,-3.65,-2.18,-4.60,4.60,4.65,4.14,3.48,2.42,2.54
9275.08,-0.97,-3.91,-2.23,-4.58,4.56,4.57,4.00,3.60,2.33,2.95
9367.83,-1.25,-4.60,-2.27,-4.55,4.53,4.47,3.86,3.28,2.26,3.36
9461.51,-1.71,-5.47,-2.30,-4.50,4.49,4.38,3.72,2.78,2.19,3.77
9556.12,-2.08,-6.23,-2.32,-4.44,4.44,4.28,3.58,2.36,2.12,4.16
9651.68,-2.57,-7.06,-2.35,-4.38,4.38,4.18,3.44,1.82,2.03,4.50
9748.20,-3.01,-7.81,-2.38,-4.32,4.32,4.08,3.30,1.32,1.95,4.81
9845.68,-3.51,-8.59,-2.40,-4.26,4.26,3.97,3.16,0.75,1.86,5.09
9944.14,-3.72,-9.07,-2.42,-4.19,4.19,3.86,3.03,0.47,1.77,5.36
10043.58,-3.57,-9.17,-2.45,-4.11,4.12,3.75,2.89,0.56,1.67,5.61
10144.02,-2.95,-8.80,-2.55,-4.05,4.06,3.63,2.76,1.11,1.50,5.86
10245.46,-2.47,-8.56,-2.66,-3.99,3.99,3.52,2.64,1.52,1.33,6.10
10347.91,-1.91,-8.23,-2.76,-3.92,3.92,3.40,2.51,2.01,1.16,6.33
10451.39,-1.11,-7.64,-2.87,-3.85,3.85,3.29,2.39,2.74,0.98,6.54
10555.91,-0.22,-6.93,-2.98,-3.78,3.78,3.17,2.28,3.56,0.80,6.72
10661.46,0.70,-6.16,-3.09,-3.71,3.70,3.06,2.16,4.41,0.62,6.87
10768.08,0.25,-6.69,-3.20,-3.63,3.63,2.94,2.05,3.88,0.43,6.95
10875.76,-0.87,-7.82,-3.31,-3.55,3.55,2.82,1.94,2.68,0.24,6.96
10984.52,-1.85,-8.73,-3.42,-3.47,3.47,2.71,1.84,1.62,0.04,6.89
11094.36,-0.97,-7.69,-3.54,-3.38,3.38,2.59,1.74,2.42,-0.16,6.73
11205.31,-0.20,-6.66,-3.66,-3.30,3.30,2.48,1.64,3.10,-0.36,6.47
11317.36,-0.25,-6.34,-3.77,-3.21,3.21,2.37,1.54,2.96,-0.57,6.10
11430.53,-0.66,-6.30,-3.89,-3.12,3.12,2.25,1.45,2.46,-0.78,5.65
11544.84,-1.33,-6.43,-4.01,-3.02,3.02,2.14,1.36,1.70,-0.99,5.11
11660.29,-1.97,-6.46,-4.13,-2.92,2.92,2.03,1.27,0.96,-1.21,4.50
11776.89,-2.98,-6.79,-4.26,-2.82,2.82,1.92,1.18,-0.15,-1.43,3.82
11894.66,-3.86,-6.92,-4.38,-2.72,2.72,1.81,1.10,-1.13,-1.66,3.07
12013.60,-4.10,-6.33,-4.50,-2.62,2.62,1.70,1.01,-1.48,-1.89,2.24
12133.74,-4.52,-5.90,-4.63,-2.51,2.51,1.59,0.93,-2.00,-2.12,1.39
12255.08,-5.36,-5.86,-4.76,-2.40,2.40,1.48,0.85,-2.95,-2.36,0.51
12377.63,-6.39,-6.00,-4.89,-2.29,2.29,1.37,0.77,-4.10,-2.60,-0.38
12501.41,-7.12,-5.83,-5.02,-2.18,2.18,1.26,0.70,-4.94,-2.84,-1.28
12626.42,-7.52,-5.34,-5.15,-2.06,2.06,1.16,0.62,-5.46,-3.09,-2.17
12752.68,-7.10,-4.07,-5.28,-1.94,1.94,1.05,0.54,-5.16,-3.34,-3.02
12880.21,-6.72,-2.90,-5.42,-1.82,1.82,0.95,0.46,-4.90,-3.60,-3.81
13009.01,-6.58,-2.03,-5.55,-1.69,1.69,0.84,0.39,-4.88,-3.86,-4.54
13139.10,-5.83,-0.62,-5.69,-1.57,1.57,0.74,0.31,-4.26,-4.12,-5.20
13270.49,-5.29,0.48,-5.83,-1.44,1.44,0.63,0.23,-3.85,-4.39,-5.76
13403.20,-4.41,1.82,-5.97,-1.30,1.30,0.53,0.15,-3.10,-4.66,-6.22
13537.23,-3.24,3.35,-6.11,-1.17,1.17,0.43,0.07,-2.07,-4.94,-6.58
13672.60,-1.42,5.46,-6.25,-1.03,1.03,0.33,-0.01,-0.38,-5.22,-6.87
13809.33,-0.67,6.42,-6.39,-0.89,0.89,0.22,-0.10,0.23,-5.50,-7.08
13947.42,-1.15,6.09,-6.54,-0.75,0.75,0.12,-0.19,-0.40,-5.79,-7.23
14086.90,-0.62,6.74,-6.68,-0.61,0.61,0.02,-0.28,-0.01,-6.08,-7.35
14227.77,0.35,7.81,-6.83,-0.46,0.46,-0.08,-0.37,0.81,-6.37,-7.45
14370.04,0.87,8.44,-6.98,-0.31,0.31,-0.18,-0.47,1.18,-6.67,-7.56
14513.74,0.44,8.13,-7.13,-0.16,0.16,-0.28,-0.57,0.60,-6.97,-7.68
14658.88,-0.38,7.47,-7.28,-0.00,0.00,-0.38,-0.67,-0.37,-7.28,-7.84
14805.47,-0.87,7.19,-7.43,0.16,-0.16,-0.48,-0.77,-1.02,-7.59,-8.05
14953.52,-1.61,6.68,-7.59,0.32,-0.32,-0.58,-0.87,-1.92,-7.90,-8.28
15103.06,-2.99,5.60,-7.74,0.48,-0.48,-0.68,-0.97,-3.46,-8.22,-8.58
15254.09,-3.87,5.05,-7.90,0.64,-0.64,-0.78,-1.07,-4.51,-8.54,-8.91
15406.63,-5.82,3.47,-8.05,0.81,-0.81,-0.88,-1.16,-6.63,-8.86,-9.28
15560.70,-7.60,2.06,-8.21,0.98,-0.98,-0.98,-1.25,-8.58,-9.19,-9.65
15716.30,-8.84,1.21,-8.37,1.15,-1.15,-1.08,-1.31,-9.99,-9.53,-10.04
15873.47,-10.34,0.09,-8.53,1.33,-1.33,-1.18,-1.36,-11.66,-9.86,-10.42
16032.20,-11.45,-0.62,-8.70,1.51,-1.51,-1.28,-1.39,-12.95,-10.20,-10.82
16192.52,-11.89,-0.60,-8.86,1.69,-1.69,-1.37,-1.39,-13.57,-10.55,-11.28
16354.45,-12.14,-0.42,-9.03,1.87,-1.87,-1.47,-1.36,-14.00,-10.89,-11.71
16517.99,-12.35,-0.24,-9.19,2.05,-2.05,-1.57,-1.32,-14.40,-11.24,-12.10
16683.17,-12.01,0.49,-9.36,2.24,-2.24,-1.67,-1.25,-14.25,-11.60,-12.49
16850.01,-12.16,0.70,-9.53,2.43,-2.43,-1.77,-1.16,-14.59,-11.96,-12.85
17018.51,-13.17,0.05,-9.70,2.62,-2.62,-1.87,-1.07,-15.79,-12.32,-13.21
17188.69,-13.71,-0.06,-9.87,2.82,-2.82,-1.96,-0.97,-16.52,-12.69,-13.64
17360.58,-14.40,-0.33,-10.04,3.02,-3.02,-2.06,-0.86,-17.41,-13.06,-14.06
17534.18,-14.62,-0.14,-10.22,3.22,-3.22,-2.16,-0.76,-17.83,-13.43,-14.47
17709.53,-13.49,1.39,-10.39,3.42,-3.42,-2.25,-0.67,-16.90,-13.81,-14.87
17886.62,-12.25,3.02,-10.57,3.62,-3.62,-2.34,-0.58,-15.87,-14.19,-15.26
18065.49,-11.42,4.23,-10.75,3.83,-3.83,-2.44,-0.50,-15.25,-14.58,-15.64
18246.14,-11.01,5.06,-10.93,4.04,-4.04,-2.53,-0.43,-15.05,-14.97,-16.06
18428.60,-11.02,5.47,-11.11,4.25,-4.25,-2.62,-0.37,-15.27,-15.36,-16.48
18612.89,-11.74,5.13,-11.29,4.47,-4.47,-2.70,-0.31,-16.20,-15.76,-16.86
18799.02,-13.53,3.71,-11.47,4.69,-4.69,-2.79,-0.26,-18.21,-16.16,-17.23
18987.01,-14.03,3.55,-11.66,4.91,-4.91,-2.87,-0.22,-18.93,-16.57,-17.57
19176.88,-13.86,4.12,-11.85,5.13,-5.13,-2.95,-0.18,-18.98,-16.97,-17.97
19368.65,-14.08,4.30,-12.03,5.35,-5.35,-3.03,-0.15,-19.43,-17.39,-18.37
19562.33,-14.52,4.22,-12.22,5.58,-5.58,-3.11,-0.12,-20.10,-17.80,-18.73
19757.96,-14.80,4.28,-12.41,5.81,-5.81,-3.18,-0.10,-20.61,-18.22,-19.07
19955.54,-15.05,4.36,-12.60,6.05,-6.05,-3.25,-0.07,-21.09,-18.65,-19.40
