frequency,raw,error,smoothed,error_smoothed,equalization,parametric_eq,fixed_band_eq,equalized_raw,equalized_smoothed,target
20.00,15.78,6.93,15.78,6.94,-6.93,-6.87,-3.05,8.85,8.85,8.85
20.20,15.79,6.96,15.79,6.96,-6.96,-6.87,-3.13,8.84,8.84,8.83
20.40,15.79,6.97,15.79,6.97,-6.97,-6.87,-3.21,8.82,8.82,8.82
20.61,15.79,6.97,15.80,6.98,-6.99,-6.86,-3.30,8.81,8.81,8.82
20.81,15.79,6.99,15.79,6.99,-6.99,-6.86,-3.39,8.80,8.80,8.80
21.02,15.79,7.00,15.79,7.00,-7.00,-6.85,-3.49,8.79,8.79,8.79
21.23,15.78,7.01,15.79,7.00,-7.00,-6.85,-3.58,8.78,8.79,8.78
21.44,15.78,7.00,15.78,7.00,-7.00,-6.84,-3.68,8.78,8.78,8.79
21.66,15.77,7.00,15.77,6.99,-7.00,-6.84,-3.78,8.78,8.77,8.78
21.87,15.75,6.99,15.76,6.99,-6.99,-6.83,-3.89,8.76,8.77,8.77
22.09,15.74,6.99,15.74,6.98,-6.98,-6.82,-4.00,8.77,8.77,8.76
22.31,15.72,6.97,15.72,6.97,-6.96,-6.82,-4.11,8.76,8.76,8.76
22.54,15.69,6.95,15.70,6.94,-6.94,-6.81,-4.22,8.75,8.75,8.75
22.76,15.66,6.91,15.66,6.92,-6.92,-6.80,-4.34,8.75,8.75,8.76
22.99,15.63,6.89,15.63,6.89,-6.89,-6.80,-4.45,8.74,8.74,8.75
23.22,15.60,6.87,15.60,6.86,-6.86,-6.79,-4.58,8.74,8.74,8.73
23.45,15.57,6.84,15.57,6.84,-6.84,-6.78,-4.70,8.74,8.74,8.73
23.69,15.54,6.81,15.54,6.81,-6.81,-6.77,-4.83,8.74,8.74,8.73
23.92,15.51,6.78,15.52,6.78,-6.78,-6.77,-4.96,8.73,8.74,8.73
24.16,15.49,6.76,15.49,6.75,-6.76,-6.76,-5.09,8.74,8.73,8.73
24.40,15.46,6.72,15.47,6.73,-6.74,-6.75,-5.22,8.72,8.73,8.74
24.65,15.45,6.71,15.45,6.72,-6.73,-6.74,-5.36,8.73,8.72,8.74
24.89,15.44,6.71,15.44,6.71,-6.72,-6.73,-5.49,8.72,8.72,8.73
25.14,15.43,6.71,15.44,6.71,-6.72,-6.72,-5.63,8.72,8.72,8.72
25.39,15.43,6.72,15.44,6.72,-6.72,-6.71,-5.77,8.72,8.72,8.72
25.65,15.44,6.74,15.44,6.73,-6.72,-6.70,-5.91,8.72,8.72,8.71
25.91,15.45,6.75,15.45,6.74,-6.73,-6.70,-6.06,8.72,8.72,8.71
26.16,15.45,6.74,15.45,6.75,-6.74,-6.69,-6.20,8.71,8.71,8.72
26.43,15.45,6.75,15.45,6.75,-6.75,-6.68,-6.34,8.70,8.70,8.70
26.69,15.45,6.75,15.46,6.75,-6.76,-6.67,-6.48,8.69,8.70,8.70
26.96,15.46,6.76,15.46,6.77,-6.77,-6.66,-6.62,8.69,8.69,8.70
27.23,15.47,6.78,15.47,6.78,-6.77,-6.65,-6.75,8.70,8.70,8.69
27.50,15.47,6.78,15.48,6.78,-6.78,-6.64,-6.88,8.70,8.70,8.69
27.77,15.48,6.78,15.48,6.78,-6.78,-6.63,-7.01,8.71,8.70,8.70
28.05,15.47,6.78,15.47,6.78,-6.77,-6.62,-7.14,8.70,8.70,8.70
28.33,15.46,6.77,15.47,6.77,-6.77,-6.61,-7.26,8.70,8.70,8.70
28.62,15.45,6.76,15.45,6.75,-6.75,-6.60,-7.37,8.70,8.70,8.70
28.90,15.43,6.73,15.43,6.73,-6.73,-6.59,-7.47,8.70,8.70,8.70
29.19,15.41,6.71,15.41,6.71,-6.71,-6.58,-7.57,8.71,8.71,8.70
29.48,15.38,6.68,15.38,6.68,-6.68,-6.57,-7.66,8.71,8.71,8.70
29.78,15.35,6.65,15.35,6.65,-6.65,-6.56,-7.74,8.71,8.71,8.70
30.08,15.32,6.61,15.32,6.62,-6.62,-6.55,-7.81,8.71,8.71,8.72
30.38,15.29,6.59,15.29,6.59,-6.59,-6.54,-7.87,8.71,8.71,8.71
30.68,15.26,6.56,15.26,6.56,-6.56,-6.54,-7.91,8.70,8.70,8.70
30.99,15.23,6.53,15.23,6.53,-6.54,-6.53,-7.95,8.70,8.70,8.70
31.30,15.20,6.50,15.21,6.51,-6.52,-6.52,-7.97,8.69,8.70,8.70
31.61,15.19,6.49,15.19,6.49,-6.50,-6.51,-7.99,8.70,8.69,8.70
31.93,15.17,6.49,15.17,6.48,-6.48,-6.50,-7.99,8.69,8.69,8.69
32.24,15.15,6.47,15.15,6.47,-6.47,-6.49,-7.98,8.69,8.69,8.68
32.57,15.13,6.46,15.13,6.46,-6.46,-6.48,-7.96,8.68,8.68,8.67
32.89,15.11,6.44,15.11,6.44,-6.45,-6.47,-7.93,8.67,8.67,8.67
33.22,15.09,6.43,15.10,6.43,-6.43,-6.46,-7.89,8.66,8.66,8.67
33.55,15.08,6.42,15.08,6.42,-6.42,-6.45,-7.84,8.66,8.66,8.67
33.89,15.06,6.41,15.06,6.41,-6.41,-6.44,-7.79,8.66,8.66,8.65
34.23,15.04,6.40,15.04,6.40,-6.39,-6.44,-7.73,8.65,8.65,8.64
34.57,15.01,6.38,15.02,6.38,-6.37,-6.43,-7.66,8.64,8.64,8.64
34.92,14.98,6.36,14.98,6.36,-6.35,-6.42,-7.59,8.63,8.63,8.62
35.27,14.95,6.32,14.95,6.33,-6.33,-6.41,-7.51,8.62,8.62,8.63
35.62,14.91,6.32,14.92,6.31,-6.31,-6.40,-7.43,8.60,8.61,8.60
35.97,14.88,6.29,14.89,6.29,-6.29,-6.39,-7.35,8.59,8.59,8.60
36.33,14.86,6.28,14.86,6.28,-6.28,-6.38,-7.26,8.58,8.58,8.58
36.70,14.83,6.27,14.83,6.27,-6.27,-6.38,-7.18,8.56,8.56,8.57
37.06,14.81,6.26,14.82,6.26,-6.27,-6.37,-7.09,8.54,8.55,8.55
37.43,14.80,6.26,14.80,6.26,-6.28,-6.36,-7.01,8.53,8.53,8.54
37.81,14.80,6.28,14.80,6.28,-6.29,-6.35,-6.92,8.51,8.51,8.53
38.19,14.80,6.30,14.81,6.30,-6.31,-6.34,-6.84,8.50,8.50,8.50
38.57,14.81,6.33,14.81,6.33,-6.32,-6.34,-6.76,8.49,8.49,8.49
38.95,14.81,6.35,14.81,6.35,-6.34,-6.33,-6.68,8.47,8.47,8.46
39.34,14.81,6.37,14.81,6.37,-6.36,-6.32,-6.60,8.46,8.46,8.44
39.74,14.80,6.38,14.80,6.38,-6.37,-6.31,-6.53,8.43,8.43,8.42
40.14,14.79,6.39,14.79,6.39,-6.38,-6.30,-6.46,8.41,8.41,8.40
40.54,14.76,6.38,14.77,6.39,-6.39,-6.30,-6.39,8.38,8.38,8.38
40.94,14.74,6.39,14.74,6.38,-6.39,-6.29,-6.33,8.36,8.36,8.36
41.35,14.71,6.37,14.72,6.37,-6.38,-6.28,-6.27,8.33,8.34,8.34
41.76,14.69,6.37,14.70,6.37,-6.37,-6.27,-6.22,8.32,8.32,8.33
42.18,14.67,6.36,14.67,6.36,-6.36,-6.27,-6.16,8.31,8.31,8.31
42.60,14.64,6.36,14.64,6.36,-6.35,-6.26,-6.12,8.29,8.29,8.28
43.03,14.60,6.35,14.61,6.34,-6.33,-6.25,-6.08,8.27,8.27,8.26
43.46,14.56,6.32,14.56,6.32,-6.32,-6.24,-6.04,8.24,8.24,8.24
43.90,14.52,6.31,14.52,6.30,-6.31,-6.24,-6.01,8.22,8.21,8.21
44.33,14.47,6.28,14.48,6.28,-6.29,-6.23,-5.98,8.18,8.19,8.20
44.78,14.44,6.27,14.44,6.27,-6.28,-6.22,-5.95,8.16,8.16,8.17
45.23,14.40,6.25,14.41,6.26,-6.27,-6.21,-5.94,8.14,8.14,8.15
45.68,14.37,6.26,14.37,6.26,-6.26,-6.21,-5.92,8.12,8.11,8.11
46.13,14.33,6.26,14.33,6.25,-6.25,-6.20,-5.91,8.08,8.08,8.07
46.60,14.29,6.25,14.30,6.25,-6.24,-6.19,-5.90,8.05,8.05,8.05
47.06,14.25,6.24,14.25,6.24,-6.24,-6.19,-5.90,8.02,8.02,8.02
47.53,14.21,6.23,14.21,6.23,-6.23,-6.18,-5.90,7.98,7.98,7.99
48.01,14.16,6.23,14.17,6.22,-6.23,-6.17,-5.91,7.94,7.94,7.94
48.49,14.12,6.22,14.12,6.22,-6.22,-6.16,-5.92,7.91,7.91,7.91
48.97,14.08,6.22,14.08,6.21,-6.21,-6.16,-5.93,7.87,7.87,7.87
49.46,14.03,6.20,14.03,6.20,-6.20,-6.15,-5.95,7.83,7.83,7.84
49.96,13.98,6.20,13.99,6.19,-6.19,-6.14,-5.97,7.79,7.80,7.78
50.46,13.94,6.18,13.94,6.18,-6.18,-6.14,-5.99,7.76,7.76,7.76
50.96,13.89,6.16,13.90,6.17,-6.17,-6.13,-6.02,7.73,7.73,7.73
51.47,13.85,6.16,13.85,6.16,-6.16,-6.12,-6.04,7.70,7.70,7.70
51.99,13.81,6.15,13.81,6.15,-6.15,-6.12,-6.07,7.66,7.66,7.66
52.51,13.77,6.14,13.77,6.14,-6.14,-6.11,-6.11,7.63,7.63,7.63
53.03,13.73,6.13,13.73,6.13,-6.14,-6.10,-6.14,7.60,7.59,7.61
53.56,13.69,6.13,13.69,6.13,-6.14,-6.10,-6.17,7.56,7.56,7.56
54.10,13.65,6.13,13.66,6.13,-6.13,-6.09,-6.21,7.52,7.52,7.53
54.64,13.62,6.13,13.62,6.14,-6.13,-6.08,-6.24,7.49,7.49,7.49
55.18,13.58,6.14,13.59,6.14,-6.13,-6.08,-6.27,7.46,7.46,7.45
55.74,13.55,6.14,13.55,6.13,-6.12,-6.07,-6.30,7.43,7.43,7.41
56.29,13.50,6.11,13.51,6.12,-6.11,-6.06,-6.33,7.39,7.39,7.39
56.86,13.46,6.10,13.47,6.11,-6.11,-6.06,-6.36,7.36,7.36,7.36
57.42,13.42,6.10,13.43,6.09,-6.10,-6.05,-6.39,7.33,7.33,7.33
58.00,13.39,6.10,13.39,6.09,-6.09,-6.05,-6.41,7.31,7.30,7.30
58.58,13.35,6.07,13.36,6.08,-6.08,-6.04,-6.43,7.27,7.28,7.29
59.16,13.32,6.07,13.32,6.07,-6.08,-6.04,-6.45,7.25,7.25,7.26
59.76,13.29,6.07,13.29,6.06,-6.07,-6.03,-6.46,7.22,7.21,7.23
60.35,13.25,6.07,13.25,6.07,-6.08,-6.03,-6.46,7.18,7.18,7.18
60.96,13.21,6.07,13.22,6.08,-6.08,-6.02,-6.47,7.13,7.14,7.14
61.57,13.18,6.09,13.18,6.09,-6.08,-6.02,-6.46,7.10,7.10,7.09
62.18,13.14,6.10,13.14,6.10,-6.09,-6.01,-6.45,7.06,7.06,7.05
62.80,13.10,6.10,13.10,6.10,-6.09,-6.01,-6.44,7.01,7.01,7.00
63.43,13.05,6.10,13.05,6.09,-6.09,-6.00,-6.42,6.96,6.96,6.96
64.07,13.00,6.08,13.01,6.09,-6.09,-6.00,-6.39,6.91,6.91,6.92
64.71,12.96,6.08,12.97,6.09,-6.09,-5.99,-6.36,6.87,6.88,6.88
65.35,12.93,6.09,12.93,6.08,-6.08,-5.98,-6.32,6.85,6.85,6.85
66.01,12.89,6.09,12.89,6.08,-6.07,-5.98,-6.28,6.82,6.82,6.81
66.67,12.84,6.06,12.84,6.07,-6.06,-5.97,-6.24,6.78,6.78,6.78
67.33,12.78,6.05,12.78,6.05,-6.05,-5.97,-6.19,6.74,6.74,6.73
68.01,12.71,6.02,12.72,6.03,-6.03,-5.96,-6.13,6.68,6.69,6.69
68.69,12.66,6.02,12.66,6.01,-6.01,-5.95,-6.08,6.65,6.65,6.65
69.37,12.60,5.99,12.61,5.99,-6.00,-5.94,-6.02,6.60,6.61,6.62
70.07,12.55,5.97,12.55,5.97,-5.98,-5.93,-5.96,6.57,6.57,6.58
70.77,12.50,5.96,12.50,5.96,-5.97,-5.92,-5.89,6.54,6.53,6.54
71.48,12.44,5.95,12.45,5.95,-5.95,-5.90,-5.83,6.49,6.50,6.49
72.19,12.39,5.94,12.39,5.94,-5.94,-5.89,-5.76,6.46,6.46,6.45
72.91,12.33,5.92,12.33,5.93,-5.92,-5.88,-5.70,6.41,6.41,6.41
73.64,12.27,5.91,12.27,5.91,-5.90,-5.86,-5.63,6.37,6.37,6.37
74.38,12.21,5.89,12.21,5.88,-5.88,-5.85,-5.56,6.33,6.33,6.33
75.12,12.15,5.86,12.15,5.86,-5.86,-5.83,-5.50,6.29,6.30,6.30
75.87,12.09,5.83,12.10,5.83,-5.83,-5.81,-5.44,6.26,6.26,6.27
76.63,12.04,5.81,12.04,5.80,-5.80,-5.80,-5.37,6.24,6.24,6.24
77.40,11.98,5.78,11.98,5.78,-5.77,-5.78,-5.31,6.21,6.21,6.21
78.17,11.92,5.75,11.92,5.74,-5.74,-5.76,-5.25,6.18,6.18,6.17
78.95,11.85,5.70,11.86,5.71,-5.71,-5.75,-5.20,6.14,6.15,6.15
79.74,11.79,5.67,11.79,5.67,-5.68,-5.73,-5.14,6.12,6.12,6.13
80.54,11.73,5.64,11.74,5.64,-5.65,-5.71,-5.09,6.09,6.09,6.09
81.35,11.68,5.62,11.68,5.61,-5.61,-5.69,-5.05,6.07,6.07,6.07
82.16,11.62,5.58,11.62,5.59,-5.58,-5.68,-5.00,6.04,6.04,6.04
82.98,11.56,5.56,11.56,5.56,-5.56,-5.66,-4.96,6.01,6.00,6.00
83.81,11.49,5.53,11.50,5.53,-5.53,-5.64,-4.92,5.96,5.96,5.96
84.65,11.43,5.50,11.44,5.51,-5.51,-5.62,-4.89,5.93,5.93,5.94
85.50,11.38,5.49,11.38,5.48,-5.49,-5.60,-4.86,5.90,5.90,5.90
86.35,11.33,5.47,11.33,5.46,-5.47,-5.59,-4.83,5.87,5.86,5.87
87.22,11.27,5.44,11.28,5.45,-5.45,-5.57,-4.80,5.83,5.83,5.83
88.09,11.22,5.43,11.22,5.43,-5.43,-5.55,-4.78,5.80,5.80,5.79
88.97,11.17,5.41,11.17,5.41,-5.41,-5.53,-4.77,5.77,5.76,5.76
89.86,11.11,5.40,11.12,5.40,-5.39,-5.51,-4.75,5.72,5.73,5.72
90.76,11.06,5.38,11.06,5.38,-5.37,-5.49,-4.74,5.69,5.69,5.68
91.66,11.00,5.35,11.01,5.36,-5.36,-5.47,-4.74,5.65,5.65,5.65
92.58,10.95,5.34,10.95,5.34,-5.34,-5.45,-4.73,5.61,5.61,5.62
93.51,10.90,5.32,10.90,5.32,-5.33,-5.43,-4.73,5.57,5.57,5.58
94.44,10.85,5.31,10.86,5.31,-5.32,-5.41,-4.74,5.53,5.54,5.55
95.39,10.81,5.31,10.81,5.31,-5.31,-5.39,-4.74,5.50,5.50,5.50
96.34,10.75,5.30,10.76,5.30,-5.30,-5.37,-4.76,5.45,5.46,5.45
97.30,10.71,5.30,10.71,5.30,-5.29,-5.35,-4.77,5.42,5.42,5.42
98.28,10.66,5.28,10.66,5.29,-5.28,-5.33,-4.78,5.38,5.38,5.38
99.26,10.61,5.28,10.61,5.27,-5.27,-5.31,-4.80,5.34,5.34,5.33
100.25,10.55,5.26,10.56,5.25,-5.25,-5.29,-4.82,5.30,5.31,5.30
101.25,10.50,5.23,10.50,5.24,-5.23,-5.27,-4.85,5.27,5.27,5.28
102.27,10.45,5.21,10.45,5.21,-5.21,-5.25,-4.87,5.25,5.24,5.24
103.29,10.39,5.19,10.39,5.18,-5.18,-5.22,-4.90,5.21,5.21,5.20
104.32,10.33,5.15,10.33,5.15,-5.16,-5.20,-4.92,5.18,5.17,5.19
105.37,10.26,5.12,10.27,5.12,-5.13,-5.18,-4.95,5.14,5.14,5.15
106.42,10.20,5.08,10.21,5.09,-5.10,-5.16,-4.98,5.11,5.11,5.12
107.48,10.15,5.07,10.15,5.07,-5.06,-5.13,-5.01,5.09,5.09,5.08
108.56,10.10,5.05,10.09,5.04,-5.03,-5.11,-5.04,5.07,5.06,5.05
109.64,10.02,5.01,10.03,5.01,-5.00,-5.09,-5.07,5.02,5.03,5.02
110.74,9.95,4.96,9.95,4.97,-4.97,-5.06,-5.10,4.98,4.98,4.99
111.85,9.88,4.93,9.88,4.93,-4.94,-5.04,-5.12,4.94,4.94,4.95
112.97,9.81,4.90,9.82,4.90,-4.91,-5.01,-5.15,4.90,4.91,4.91
114.10,9.76,4.88,9.76,4.88,-4.88,-4.99,-5.17,4.88,4.88,4.89
115.24,9.70,4.86,9.70,4.86,-4.85,-4.96,-5.19,4.85,4.84,4.84
116.39,9.63,4.84,9.63,4.83,-4.83,-4.94,-5.20,4.81,4.81,4.80
117.55,9.56,4.79,9.57,4.80,-4.80,-4.91,-5.21,4.76,4.77,4.77
118.73,9.50,4.78,9.51,4.78,-4.78,-4.89,-5.22,4.73,4.73,4.73
119.92,9.45,4.75,9.45,4.75,-4.75,-4.86,-5.23,4.70,4.70,4.70
121.12,9.40,4.73,9.40,4.73,-4.72,-4.83,-5.22,4.68,4.68,4.68
122.33,9.33,4.69,9.34,4.69,-4.69,-4.80,-5.22,4.64,4.65,4.64
123.55,9.27,4.66,9.28,4.66,-4.66,-4.78,-5.21,4.61,4.61,4.61
124.79,9.21,4.63,9.21,4.63,-4.63,-4.75,-5.19,4.58,4.58,4.59
126.03,9.15,4.61,9.15,4.60,-4.61,-4.72,-5.17,4.55,4.55,4.55
127.29,9.09,4.58,9.09,4.58,-4.58,-4.69,-5.14,4.51,4.51,4.51
128.57,9.03,4.55,9.03,4.55,-4.55,-4.66,-5.11,4.48,4.48,4.48
129.85,8.96,4.52,8.96,4.52,-4.52,-4.63,-5.07,4.44,4.44,4.44
131.15,8.89,4.49,8.90,4.49,-4.49,-4.60,-5.03,4.40,4.41,4.41
132.46,8.83,4.47,8.83,4.47,-4.46,-4.57,-4.98,4.37,4.37,4.37
133.79,8.77,4.44,8.77,4.44,-4.43,-4.54,-4.93,4.35,4.34,4.33
135.12,8.69,4.40,8.69,4.39,-4.39,-4.51,-4.87,4.30,4.30,4.29
136.48,8.61,4.34,8.62,4.35,-4.35,-4.48,-4.81,4.26,4.26,4.28
137.84,8.54,4.30,8.54,4.30,-4.31,-4.45,-4.75,4.23,4.23,4.24
139.22,8.47,4.28,8.47,4.27,-4.27,-4.42,-4.69,4.21,4.21,4.20
140.61,8.40,4.23,8.40,4.23,-4.22,-4.39,-4.62,4.18,4.18,4.17
142.02,8.33,4.19,8.33,4.19,-4.17,-4.35,-4.55,4.16,4.15,4.14
143.44,8.24,4.13,8.25,4.13,-4.13,-4.32,-4.47,4.12,4.12,4.11
144.87,8.16,4.06,8.17,4.07,-4.08,-4.29,-4.40,4.08,4.09,4.10
146.32,8.09,4.02,8.09,4.02,-4.04,-4.25,-4.33,4.06,4.06,4.07
147.78,8.03,3.98,8.03,3.99,-3.99,-4.22,-4.25,4.04,4.04,4.05
149.26,7.97,3.95,7.98,3.95,-3.95,-4.18,-4.18,4.02,4.02,4.02
150.75,7.92,3.93,7.92,3.92,-3.92,-4.15,-4.10,4.01,4.00,3.99
152.26,7.86,3.89,7.87,3.89,-3.89,-4.11,-4.03,3.98,3.98,3.98
153.78,7.81,3.86,7.81,3.86,-3.86,-4.08,-3.96,3.95,3.95,3.95
155.32,7.76,3.84,7.77,3.84,-3.84,-4.04,-3.88,3.92,3.92,3.93
156.88,7.72,3.82,7.72,3.82,-3.82,-4.01,-3.81,3.90,3.90,3.90
158.44,7.67,3.80,7.68,3.80,-3.81,-3.97,-3.74,3.87,3.87,3.87
160.03,7.63,3.79,7.63,3.79,-3.79,-3.93,-3.67,3.85,3.85,3.85
161.63,7.59,3.78,7.59,3.78,-3.77,-3.89,-3.61,3.82,3.82,3.81
163.24,7.54,3.77,7.54,3.76,-3.76,-3.86,-3.54,3.78,3.78,3.77
164.88,7.49,3.75,7.49,3.75,-3.75,-3.82,-3.48,3.74,3.74,3.74
166.53,7.44,3.73,7.45,3.73,-3.74,-3.78,-3.42,3.71,3.71,3.72
168.19,7.40,3.72,7.41,3.72,-3.72,-3.74,-3.36,3.68,3.68,3.69
169.87,7.36,3.71,7.36,3.71,-3.71,-3.70,-3.31,3.66,3.66,3.65
171.57,7.32,3.70,7.32,3.70,-3.69,-3.66,-3.25,3.63,3.63,3.62
173.29,7.26,3.68,7.26,3.68,-3.67,-3.62,-3.20,3.59,3.59,3.59
175.02,7.20,3.65,7.21,3.65,-3.65,-3.58,-3.15,3.55,3.55,3.55
176.77,7.14,3.63,7.15,3.63,-3.63,-3.54,-3.11,3.51,3.51,3.52
178.54,7.09,3.60,7.09,3.60,-3.61,-3.50,-3.06,3.48,3.48,3.49
180.32,7.03,3.58,7.04,3.58,-3.59,-3.46,-3.02,3.44,3.44,3.45
182.13,6.98,3.57,6.99,3.57,-3.57,-3.42,-2.98,3.41,3.41,3.42
183.95,6.93,3.55,6.93,3.55,-3.55,-3.37,-2.95,3.38,3.38,3.39
185.79,6.88,3.54,6.88,3.53,-3.53,-3.33,-2.91,3.35,3.35,3.34
187.65,6.82,3.51,6.82,3.51,-3.51,-3.29,-2.88,3.31,3.31,3.31
189.52,6.75,3.48,6.76,3.49,-3.49,-3.25,-2.85,3.27,3.28,3.27
191.42,6.70,3.46,6.70,3.46,-3.46,-3.20,-2.82,3.25,3.24,3.24
193.33,6.64,3.43,6.64,3.43,-3.43,-3.16,-2.79,3.22,3.21,3.22
195.27,6.57,3.40,6.57,3.39,-3.39,-3.11,-2.77,3.19,3.19,3.18
197.22,6.49,3.35,6.50,3.35,-3.35,-3.07,-2.75,3.15,3.15,3.14
199.19,6.42,3.30,6.42,3.30,-3.30,-3.02,-2.73,3.12,3.12,3.12
201.18,6.34,3.26,6.34,3.25,-3.25,-2.98,-2.71,3.09,3.09,3.09
203.19,6.26,3.19,6.26,3.19,-3.20,-2.93,-2.69,3.07,3.07,3.07
205.23,6.18,3.14,6.18,3.14,-3.14,-2.89,-2.67,3.04,3.04,3.05
207.28,6.10,3.07,6.11,3.08,-3.08,-2.84,-2.65,3.02,3.02,3.03
209.35,6.03,3.04,6.03,3.03,-3.03,-2.79,-2.64,3.01,3.01,3.00
211.44,5.95,2.98,5.95,2.97,-2.97,-2.74,-2.62,2.99,2.98,2.97
213.56,5.86,2.90,5.86,2.91,-2.91,-2.70,-2.61,2.95,2.95,2.96
215.69,5.77,2.84,5.78,2.84,-2.85,-2.65,-2.59,2.92,2.93,2.94
217.85,5.70,2.79,5.70,2.79,-2.79,-2.60,-2.58,2.91,2.91,2.92
220.03,5.63,2.74,5.63,2.74,-2.73,-2.55,-2.57,2.90,2.90,2.89
222.23,5.55,2.68,5.55,2.68,-2.67,-2.50,-2.55,2.88,2.88,2.87
224.45,5.46,2.61,5.47,2.61,-2.61,-2.45,-2.53,2.85,2.86,2.85
226.70,5.38,2.54,5.39,2.55,-2.55,-2.40,-2.52,2.83,2.84,2.84
228.96,5.31,2.48,5.31,2.48,-2.49,-2.35,-2.50,2.82,2.82,2.83
231.25,5.24,2.43,5.24,2.43,-2.43,-2.30,-2.48,2.82,2.81,2.81
233.57,5.16,2.36,5.17,2.37,-2.36,-2.25,-2.46,2.80,2.80,2.80
235.90,5.09,2.31,5.09,2.31,-2.30,-2.20,-2.43,2.79,2.79,2.78
238.26,5.02,2.25,5.02,2.24,-2.24,-2.15,-2.41,2.79,2.78,2.77
240.64,4.94,2.16,4.95,2.17,-2.18,-2.10,-2.38,2.77,2.77,2.78
243.05,4.87,2.10,4.88,2.11,-2.11,-2.05,-2.35,2.76,2.77,2.78
245.48,4.81,2.06,4.81,2.05,-2.05,-2.00,-2.32,2.76,2.76,2.76
247.93,4.75,2.00,4.75,1.99,-1.99,-1.94,-2.28,2.77,2.76,2.75
250.41,4.68,1.92,4.68,1.93,-1.92,-1.89,-2.24,2.76,2.76,2.76
252.92,4.61,1.85,4.62,1.86,-1.86,-1.84,-2.20,2.75,2.76,2.77
255.45,4.56,1.81,4.56,1.80,-1.81,-1.78,-2.16,2.76,2.76,2.76
258.00,4.51,1.75,4.51,1.75,-1.75,-1.73,-2.11,2.77,2.76,2.76
260.58,4.45,1.70,4.45,1.69,-1.69,-1.68,-2.06,2.76,2.76,2.76
263.19,4.38,1.62,4.39,1.63,-1.63,-1.62,-2.01,2.75,2.76,2.76
265.82,4.32,1.57,4.33,1.57,-1.57,-1.57,-1.95,2.75,2.75,2.75
268.48,4.27,1.52,4.27,1.52,-1.52,-1.51,-1.90,2.76,2.76,2.76
271.16,4.22,1.47,4.22,1.46,-1.46,-1.46,-1.83,2.77,2.76,2.75
273.87,4.15,1.40,4.15,1.40,-1.40,-1.40,-1.77,2.76,2.76,2.76
276.61,4.08,1.33,4.09,1.34,-1.33,-1.34,-1.71,2.75,2.75,2.75
279.38,4.01,1.28,4.02,1.27,-1.27,-1.29,-1.64,2.74,2.75,2.74
282.17,3.95,1.20,3.95,1.20,-1.21,-1.23,-1.57,2.75,2.75,2.75
284.99,3.89,1.14,3.90,1.14,-1.14,-1.18,-1.50,2.75,2.75,2.76
287.84,3.84,1.08,3.84,1.08,-1.08,-1.12,-1.43,2.76,2.76,2.76
290.72,3.77,1.02,3.78,1.02,-1.02,-1.06,-1.36,2.76,2.76,2.75
293.63,3.71,0.96,3.71,0.96,-0.96,-1.00,-1.28,2.76,2.76,2.76
296.57,3.65,0.88,3.66,0.89,-0.89,-0.95,-1.21,2.76,2.76,2.77
299.53,3.60,0.84,3.60,0.83,-0.83,-0.89,-1.13,2.77,2.77,2.77
302.53,3.55,0.78,3.55,0.77,-0.77,-0.83,-1.06,2.78,2.78,2.77
305.55,3.49,0.71,3.49,0.71,-0.71,-0.77,-0.98,2.79,2.79,2.78
308.61,3.43,0.65,3.43,0.65,-0.65,-0.71,-0.90,2.79,2.79,2.79
311.69,3.37,0.58,3.37,0.58,-0.58,-0.65,-0.82,2.79,2.79,2.79
314.81,3.31,0.51,3.32,0.52,-0.52,-0.59,-0.74,2.79,2.80,2.80
317.96,3.26,0.46,3.26,0.46,-0.46,-0.53,-0.66,2.81,2.80,2.81
321.14,3.21,0.40,3.21,0.40,-0.40,-0.47,-0.58,2.82,2.82,2.82
324.35,3.15,0.34,3.16,0.33,-0.33,-0.41,-0.50,2.82,2.83,2.81
327.59,3.10,0.26,3.10,0.27,-0.27,-0.35,-0.42,2.84,2.83,2.84
330.87,3.04,0.21,3.04,0.21,-0.21,-0.29,-0.34,2.84,2.84,2.84
334.18,2.98,0.15,2.99,0.14,-0.14,-0.23,-0.26,2.84,2.84,2.84
337.52,2.92,0.07,2.93,0.08,-0.08,-0.17,-0.18,2.85,2.85,2.85
340.90,2.87,0.01,2.87,0.01,-0.01,-0.11,-0.10,2.86,2.86,2.86
344.30,2.81,-0.05,2.82,-0.05,0.05,-0.05,-0.01,2.87,2.87,2.87
347.75,2.76,-0.11,2.76,-0.12,0.12,0.01,0.07,2.88,2.88,2.88
351.23,2.70,-0.18,2.71,-0.18,0.18,0.07,0.15,2.88,2.89,2.88
354.74,2.65,-0.25,2.65,-0.24,0.24,0.14,0.23,2.89,2.89,2.90
358.28,2.60,-0.30,2.60,-0.30,0.30,0.20,0.32,2.90,2.90,2.90
361.87,2.54,-0.36,2.55,-0.36,0.36,0.26,0.40,2.90,2.91,2.90
365.49,2.49,-0.42,2.49,-0.42,0.42,0.32,0.48,2.91,2.91,2.92
369.14,2.44,-0.48,2.44,-0.48,0.48,0.39,0.56,2.92,2.92,2.93
372.83,2.39,-0.54,2.39,-0.54,0.54,0.45,0.65,2.93,2.93,2.93
376.56,2.34,-0.59,2.34,-0.60,0.60,0.51,0.73,2.94,2.94,2.93
380.33,2.28,-0.66,2.28,-0.66,0.66,0.57,0.82,2.94,2.94,2.94
384.13,2.22,-0.73,2.23,-0.72,0.72,0.64,0.90,2.94,2.95,2.95
387.97,2.17,-0.78,2.17,-0.79,0.78,0.70,0.98,2.96,2.96,2.96
391.85,2.12,-0.85,2.12,-0.85,0.85,0.76,1.07,2.97,2.97,2.98
395.77,2.07,-0.90,2.07,-0.90,0.91,0.83,1.15,2.98,2.98,2.98
399.73,2.02,-0.96,2.02,-0.97,0.97,0.89,1.23,2.99,2.99,2.98
403.72,1.97,-1.03,1.97,-1.03,1.03,0.95,1.32,3.00,3.00,3.00
407.76,1.91,-1.10,1.92,-1.10,1.09,1.02,1.40,3.00,3.01,3.01
411.84,1.86,-1.16,1.87,-1.16,1.15,1.08,1.48,3.02,3.02,3.02
415.96,1.81,-1.22,1.81,-1.21,1.22,1.15,1.56,3.03,3.03,3.03
420.12,1.76,-1.27,1.76,-1.27,1.28,1.21,1.65,3.04,3.04,3.03
424.32,1.70,-1.33,1.70,-1.34,1.34,1.27,1.73,3.05,3.05,3.04
428.56,1.64,-1.41,1.65,-1.41,1.41,1.34,1.80,3.05,3.05,3.06
432.85,1.58,-1.49,1.59,-1.48,1.47,1.40,1.88,3.06,3.06,3.08
437.18,1.53,-1.53,1.53,-1.54,1.54,1.46,1.96,3.07,3.07,3.07
441.55,1.47,-1.60,1.47,-1.60,1.61,1.53,2.03,3.08,3.08,3.08
445.96,1.41,-1.67,1.41,-1.67,1.68,1.59,2.11,3.09,3.09,3.08
450.42,1.35,-1.74,1.35,-1.74,1.75,1.65,2.18,3.10,3.10,3.09
454.93,1.29,-1.81,1.29,-1.81,1.81,1.72,2.24,3.11,3.10,3.10
459.48,1.23,-1.88,1.23,-1.88,1.88,1.78,2.31,3.11,3.11,3.11
464.07,1.17,-1.96,1.18,-1.95,1.94,1.84,2.37,3.11,3.11,3.13
468.71,1.12,-2.01,1.13,-2.01,2.00,1.90,2.43,3.12,3.12,3.13
473.40,1.08,-2.06,1.08,-2.06,2.06,1.97,2.48,3.14,3.14,3.14
478.13,1.04,-2.11,1.04,-2.11,2.11,2.03,2.54,3.16,3.15,3.15
482.91,1.00,-2.16,1.00,-2.16,2.17,2.09,2.59,3.17,3.17,3.16
487.74,0.95,-2.22,0.96,-2.21,2.22,2.15,2.63,3.17,3.17,3.17
492.62,0.91,-2.26,0.91,-2.26,2.27,2.21,2.67,3.18,3.18,3.18
497.55,0.87,-2.31,0.87,-2.32,2.32,2.27,2.71,3.19,3.19,3.19
502.52,0.83,-2.36,0.83,-2.37,2.37,2.34,2.74,3.20,3.20,3.20
507.55,0.79,-2.42,0.80,-2.42,2.41,2.40,2.77,3.21,3.21,3.22
512.62,0.76,-2.46,0.76,-2.47,2.46,2.46,2.80,3.22,3.22,3.23
517.75,0.73,-2.51,0.74,-2.51,2.50,2.51,2.82,3.23,3.23,3.25
522.93,0.71,-2.54,0.71,-2.54,2.54,2.57,2.84,3.25,3.25,3.26
528.16,0.68,-2.58,0.69,-2.58,2.58,2.63,2.85,3.27,3.27,3.27
533.44,0.66,-2.61,0.66,-2.62,2.63,2.69,2.87,3.29,3.29,3.28
538.77,0.62,-2.66,0.62,-2.66,2.68,2.75,2.88,3.30,3.30,3.28
544.16,0.58,-2.72,0.59,-2.72,2.73,2.80,2.88,3.31,3.31,3.30
549.60,0.54,-2.77,0.54,-2.78,2.78,2.86,2.89,3.32,3.32,3.31
555.10,0.49,-2.84,0.50,-2.83,2.83,2.91,2.89,3.32,3.33,3.33
560.65,0.45,-2.89,0.45,-2.89,2.88,2.97,2.89,3.34,3.33,3.34
566.25,0.41,-2.94,0.41,-2.94,2.93,3.02,2.89,3.34,3.34,3.35
571.92,0.37,-2.99,0.38,-2.99,2.97,3.07,2.89,3.35,3.35,3.36
577.64,0.35,-3.02,0.35,-3.02,3.01,3.13,2.89,3.37,3.36,3.37
583.41,0.32,-3.06,0.33,-3.05,3.05,3.18,2.89,3.37,3.38,3.38
589.25,0.31,-3.08,0.31,-3.08,3.09,3.23,2.88,3.40,3.40,3.39
595.14,0.29,-3.11,0.29,-3.11,3.12,3.28,2.88,3.42,3.42,3.40
601.09,0.27,-3.15,0.28,-3.15,3.16,3.32,2.88,3.43,3.43,3.42
607.10,0.25,-3.19,0.25,-3.19,3.20,3.37,2.87,3.45,3.45,3.44
613.17,0.22,-3.24,0.22,-3.24,3.24,3.42,2.87,3.46,3.46,3.46
619.30,0.19,-3.29,0.19,-3.29,3.28,3.46,2.87,3.47,3.47,3.48
625.50,0.16,-3.34,0.17,-3.33,3.32,3.51,2.87,3.49,3.49,3.50
631.75,0.14,-3.37,0.14,-3.37,3.37,3.55,2.88,3.51,3.51,3.51
638.07,0.12,-3.41,0.12,-3.41,3.41,3.59,2.88,3.54,3.53,3.53
644.45,0.09,-3.46,0.10,-3.45,3.46,3.63,2.89,3.55,3.56,3.55
650.89,0.07,-3.50,0.07,-3.50,3.51,3.67,2.89,3.58,3.58,3.57
657.40,0.04,-3.56,0.04,-3.55,3.55,3.70,2.90,3.60,3.60,3.60
663.98,0.01,-3.60,0.01,-3.60,3.60,3.74,2.92,3.61,3.62,3.61
670.62,-0.02,-3.65,-0.02,-3.65,3.65,3.77,2.93,3.63,3.63,3.63
677.32,-0.05,-3.70,-0.05,-3.70,3.70,3.81,2.95,3.65,3.65,3.65
684.10,-0.08,-3.75,-0.07,-3.74,3.74,3.84,2.96,3.67,3.67,3.67
690.94,-0.10,-3.79,-0.10,-3.79,3.78,3.87,2.99,3.69,3.69,3.69
697.85,-0.12,-3.83,-0.12,-3.82,3.82,3.90,3.01,3.70,3.71,3.71
704.83,-0.13,-3.86,-0.13,-3.86,3.85,3.92,3.03,3.72,3.72,3.73
711.87,-0.14,-3.89,-0.13,-3.88,3.88,3.95,3.06,3.74,3.74,3.75
718.99,-0.14,-3.91,-0.13,-3.90,3.90,3.97,3.09,3.76,3.76,3.77
726.18,-0.13,-3.92,-0.13,-3.92,3.91,3.99,3.13,3.79,3.79,3.79
733.44,-0.12,-3.93,-0.12,-3.93,3.93,4.01,3.16,3.81,3.81,3.81
740.78,-0.11,-3.94,-0.11,-3.93,3.94,4.03,3.20,3.84,3.83,3.83
748.19,-0.11,-3.95,-0.11,-3.95,3.96,4.05,3.24,3.85,3.85,3.84
755.67,-0.11,-3.97,-0.11,-3.97,3.97,4.06,3.28,3.86,3.86,3.86
763.23,-0.11,-3.99,-0.11,-3.98,3.98,4.07,3.33,3.88,3.88,3.88
770.86,-0.11,-4.00,-0.11,-4.00,4.00,4.08,3.37,3.89,3.89,3.90
778.57,-0.11,-4.01,-0.11,-4.02,4.02,4.09,3.42,3.91,3.91,3.91
786.35,-0.11,-4.03,-0.11,-4.04,4.04,4.10,3.47,3.93,3.93,3.93
794.22,-0.11,-4.06,-0.11,-4.06,4.06,4.11,3.52,3.95,3.95,3.96
802.16,-0.11,-4.07,-0.11,-4.08,4.08,4.11,3.58,3.97,3.97,3.97
810.18,-0.11,-4.09,-0.11,-4.10,4.09,4.11,3.63,3.99,3.99,3.99
818.28,-0.11,-4.11,-0.11,-4.11,4.11,4.11,3.69,4.01,4.01,4.01
826.46,-0.11,-4.12,-0.11,-4.13,4.13,4.11,3.74,4.02,4.02,4.02
834.73,-0.11,-4.14,-0.11,-4.14,4.15,4.10,3.80,4.04,4.04,4.04
843.08,-0.11,-4.16,-0.11,-4.16,4.16,4.10,3.85,4.06,4.06,4.06
851.51,-0.11,-4.17,-0.11,-4.18,4.18,4.09,3.91,4.07,4.07,4.07
860.02,-0.11,-4.19,-0.11,-4.20,4.19,4.08,3.96,4.09,4.09,4.09
868.62,-0.11,-4.21,-0.11,-4.21,4.21,4.07,4.01,4.10,4.10,4.11
877.31,-0.11,-4.22,-0.11,-4.22,4.22,4.05,4.06,4.12,4.12,4.12
886.08,-0.11,-4.23,-0.11,-4.24,4.24,4.04,4.11,4.13,4.13,4.13
894.94,-0.12,-4.24,-0.11,-4.24,4.25,4.02,4.15,4.14,4.14,4.13
903.89,-0.12,-4.25,-0.12,-4.26,4.26,4.00,4.19,4.15,4.14,4.14
912.93,-0.13,-4.26,-0.13,-4.27,4.27,3.98,4.23,4.14,4.14,4.14
922.06,-0.14,-4.29,-0.13,-4.28,4.27,3.96,4.26,4.14,4.14,4.16
931.28,-0.13,-4.28,-0.13,-4.29,4.28,3.93,4.29,4.15,4.14,4.16
940.59,-0.13,-4.28,-0.12,-4.28,4.27,3.91,4.31,4.14,4.15,4.16
950.00,-0.11,-4.25,-0.11,-4.26,4.26,3.88,4.33,4.16,4.15,4.15
959.50,-0.09,-4.22,-0.09,-4.24,4.25,3.85,4.34,4.16,4.15,4.14
969.09,-0.08,-4.22,-0.07,-4.22,4.22,3.82,4.34,4.15,4.15,4.15
978.78,-0.06,-4.19,-0.06,-4.19,4.19,3.78,4.34,4.14,4.14,4.14
988.57,-0.04,-4.16,-0.03,-4.16,4.16,3.75,4.33,4.12,4.12,4.13
998.46,-0.01,-4.11,-0.00,-4.12,4.11,3.71,4.31,4.10,4.11,4.11
1008.44,0.03,-4.06,0.03,-4.06,4.06,3.67,4.28,4.09,4.09,4.10
1018.53,0.07,-4.00,0.07,-4.01,4.00,3.63,4.25,4.07,4.07,4.08
1028.71,0.11,-3.94,0.11,-3.94,3.94,3.59,4.21,4.05,4.05,4.06
1039.00,0.15,-3.86,0.16,-3.86,3.86,3.55,4.16,4.02,4.02,4.02
1049.39,0.21,-3.77,0.21,-3.78,3.78,3.51,4.11,4.00,4.00,3.99
1059.88,0.26,-3.69,0.26,-3.70,3.70,3.46,4.05,3.97,3.97,3.96
1070.48,0.32,-3.61,0.32,-3.62,3.62,3.41,3.98,3.94,3.94,3.94
1081.19,0.37,-3.53,0.38,-3.53,3.53,3.36,3.90,3.90,3.91,3.91
1092.00,0.43,-3.44,0.44,-3.44,3.44,3.31,3.82,3.87,3.87,3.88
1102.92,0.50,-3.33,0.49,-3.34,3.34,3.26,3.74,3.85,3.84,3.84
1113.95,0.55,-3.24,0.55,-3.25,3.25,3.20,3.65,3.80,3.80,3.80
1125.09,0.60,-3.16,0.61,-3.15,3.15,3.15,3.55,3.75,3.76,3.77
1136.34,0.67,-3.04,0.67,-3.05,3.05,3.09,3.46,3.72,3.72,3.72
1147.70,0.74,-2.94,0.74,-2.95,2.95,3.03,3.36,3.69,3.69,3.69
1159.18,0.81,-2.85,0.82,-2.84,2.85,2.97,3.25,3.66,3.66,3.67
1170.77,0.89,-2.73,0.89,-2.74,2.74,2.90,3.15,3.64,3.63,3.63
1182.48,0.96,-2.63,0.97,-2.64,2.64,2.84,3.04,3.60,3.61,3.60
1194.30,1.04,-2.53,1.04,-2.54,2.54,2.77,2.93,3.58,3.58,3.58
1206.25,1.12,-2.44,1.12,-2.44,2.43,2.70,2.81,3.55,3.55,3.57
1218.31,1.20,-2.34,1.21,-2.34,2.33,2.63,2.70,3.53,3.53,3.55
1230.49,1.29,-2.22,1.30,-2.22,2.22,2.56,2.59,3.52,3.52,3.52
1242.80,1.39,-2.10,1.39,-2.11,2.12,2.48,2.47,3.52,3.51,3.50
1255.22,1.48,-2.00,1.48,-2.01,2.02,2.41,2.36,3.51,3.50,3.49
1267.78,1.57,-1.92,1.57,-1.92,1.92,2.33,2.24,3.50,3.50,3.50
1280.45,1.66,-1.83,1.67,-1.82,1.82,2.25,2.13,3.49,3.50,3.50
1293.26,1.78,-1.72,1.78,-1.73,1.73,2.16,2.01,3.51,3.50,3.51
1306.19,1.89,-1.62,1.89,-1.63,1.63,2.08,1.90,3.52,3.52,3.52
1319.25,2.00,-1.54,2.00,-1.54,1.53,1.99,1.79,3.54,3.54,3.55
1332.45,2.11,-1.44,2.12,-1.44,1.44,1.90,1.67,3.55,3.56,3.56
1345.77,2.24,-1.34,2.25,-1.34,1.34,1.80,1.56,3.58,3.59,3.59
1359.23,2.38,-1.23,2.38,-1.24,1.24,1.70,1.45,3.63,3.62,3.62
1372.82,2.51,-1.14,2.51,-1.14,1.15,1.60,1.34,3.66,3.66,3.66
1386.55,2.64,-1.04,2.64,-1.05,1.05,1.50,1.23,3.70,3.70,3.69
1400.41,2.77,-0.95,2.77,-0.95,0.96,1.39,1.11,3.73,3.73,3.73
1414.42,2.90,-0.86,2.91,-0.86,0.86,1.28,1.01,3.76,3.76,3.77
1428.56,3.04,-0.76,3.04,-0.77,0.76,1.17,0.90,3.80,3.80,3.81
1442.85,3.19,-0.66,3.19,-0.67,0.66,1.05,0.79,3.85,3.85,3.86
1457.28,3.34,-0.57,3.35,-0.56,0.55,0.93,0.68,3.90,3.90,3.92
1471.85,3.51,-0.45,3.52,-0.45,0.45,0.81,0.57,3.96,3.97,3.97
1486.57,3.69,-0.33,3.69,-0.34,0.35,0.68,0.47,4.04,4.03,4.03
1501.43,3.86,-0.22,3.86,-0.23,0.24,0.55,0.36,4.10,4.10,4.09
1516.45,4.03,-0.13,4.04,-0.12,0.13,0.41,0.26,4.17,4.17,4.17
1531.61,4.21,-0.02,4.21,-0.03,0.03,0.27,0.16,4.24,4.24,4.24
1546.93,4.39,0.08,4.39,0.07,-0.08,0.13,0.05,4.32,4.31,4.32
1562.40,4.56,0.17,4.57,0.17,-0.18,-0.02,-0.05,4.39,4.39,4.40
1578.02,4.74,0.28,4.75,0.28,-0.28,-0.17,-0.15,4.47,4.47,4.47
1593.80,4.92,0.39,4.93,0.38,-0.38,-0.32,-0.25,4.55,4.55,4.54
1609.74,5.12,0.50,5.12,0.49,-0.48,-0.47,-0.35,4.65,4.64,4.63
1625.84,5.30,0.58,5.30,0.58,-0.58,-0.63,-0.44,4.72,4.72,4.73
1642.10,5.49,0.67,5.50,0.67,-0.68,-0.78,-0.54,4.81,4.81,4.83
1658.52,5.69,0.78,5.70,0.77,-0.79,-0.94,-0.63,4.90,4.91,4.92
1675.10,5.90,0.89,5.90,0.89,-0.89,-1.09,-0.72,5.01,5.01,5.02
1691.85,6.11,1.01,6.11,1.00,-1.00,-1.24,-0.81,5.12,5.12,5.11
1708.77,6.32,1.12,6.32,1.11,-1.10,-1.39,-0.90,5.22,5.22,5.21
1725.86,6.53,1.21,6.53,1.22,-1.21,-1.52,-0.98,5.32,5.32,5.33
1743.12,6.74,1.32,6.74,1.31,-1.32,-1.66,-1.06,5.43,5.43,5.43
1760.55,6.95,1.42,6.95,1.41,-1.42,-1.78,-1.14,5.53,5.53,5.54
1778.15,7.16,1.51,7.17,1.51,-1.52,-1.88,-1.22,5.64,5.64,5.66
1795.94,7.38,1.62,7.39,1.62,-1.62,-1.98,-1.29,5.76,5.77,5.77
1813.90,7.61,1.72,7.61,1.72,-1.72,-2.06,-1.36,5.90,5.89,5.90
1832.03,7.83,1.82,7.83,1.81,-1.80,-2.12,-1.42,6.03,6.02,6.02
1850.36,8.03,1.89,8.04,1.89,-1.88,-2.17,-1.48,6.15,6.16,6.15
1868.86,8.23,1.96,8.23,1.96,-1.95,-2.20,-1.53,6.28,6.28,6.28
1887.55,8.42,2.02,8.42,2.02,-2.01,-2.21,-1.58,6.42,6.41,6.41
1906.42,8.59,2.07,8.59,2.06,-2.05,-2.21,-1.62,6.54,6.54,6.53
1925.49,8.75,2.10,8.75,2.09,-2.09,-2.19,-1.66,6.67,6.66,6.66
1944.74,8.89,2.10,8.90,2.11,-2.11,-2.15,-1.69,6.79,6.79,6.80
1964.19,9.03,2.12,9.04,2.11,-2.12,-2.10,-1.71,6.92,6.92,6.92
1983.83,9.17,2.12,9.17,2.12,-2.12,-2.04,-1.73,7.05,7.05,7.06
2003.67,9.29,2.12,9.29,2.11,-2.12,-1.97,-1.74,7.17,7.17,7.18
2023.71,9.39,2.11,9.40,2.11,-2.11,-1.88,-1.75,7.28,7.29,7.29
2043.94,9.49,2.09,9.49,2.09,-2.10,-1.80,-1.75,7.39,7.39,7.41
2064.38,9.58,2.08,9.58,2.07,-2.08,-1.70,-1.74,7.50,7.50,7.51
2085.03,9.66,2.05,9.67,2.05,-2.05,-1.60,-1.73,7.61,7.62,7.62
2105.88,9.74,2.03,9.74,2.02,-2.02,-1.50,-1.71,7.73,7.73,7.72
2126.94,9.81,1.99,9.81,1.98,-1.97,-1.40,-1.69,7.84,7.84,7.83
2148.20,9.86,1.93,9.86,1.93,-1.92,-1.30,-1.66,7.95,7.95,7.94
2169.69,9.89,1.86,9.89,1.85,-1.85,-1.19,-1.62,8.04,8.04,8.04
2191.38,9.91,1.77,9.91,1.77,-1.78,-1.09,-1.58,8.14,8.14,8.15
2213.30,9.92,1.68,9.93,1.68,-1.69,-0.99,-1.54,8.23,8.24,8.25
2235.43,9.94,1.60,9.94,1.59,-1.60,-0.89,-1.49,8.35,8.34,8.35
2257.78,9.94,1.50,9.94,1.49,-1.49,-0.80,-1.44,8.46,8.45,8.45
2280.36,9.92,1.38,9.93,1.39,-1.37,-0.70,-1.38,8.55,8.56,8.55
2303.17,9.90,1.27,9.91,1.26,-1.25,-0.61,-1.33,8.66,8.66,8.64
2326.20,9.87,1.13,9.87,1.12,-1.11,-0.52,-1.26,8.76,8.75,8.75
2349.46,9.81,0.97,9.81,0.97,-0.97,-0.44,-1.20,8.84,8.84,8.85
2372.95,9.74,0.81,9.75,0.82,-0.82,-0.35,-1.13,8.92,8.93,8.94
2396.68,9.68,0.68,9.68,0.66,-0.67,-0.27,-1.07,9.01,9.01,9.01
2420.65,9.60,0.51,9.61,0.51,-0.51,-0.18,-1.00,9.09,9.09,9.10
2444.86,9.53,0.37,9.53,0.36,-0.35,-0.10,-0.93,9.18,9.18,9.17
2469.31,9.44,0.20,9.45,0.20,-0.20,-0.02,-0.85,9.25,9.25,9.25
2494.00,9.36,0.04,9.36,0.04,-0.04,0.07,-0.78,9.32,9.32,9.33
2518.94,9.27,-0.12,9.27,-0.12,0.11,0.15,-0.71,9.39,9.38,9.40
2544.13,9.18,-0.26,9.19,-0.27,0.26,0.24,-0.63,9.45,9.45,9.45
2569.57,9.09,-0.41,9.10,-0.41,0.41,0.33,-0.55,9.51,9.51,9.51
2595.27,9.01,-0.55,9.01,-0.56,0.56,0.42,-0.48,9.58,9.57,9.57
2621.22,8.92,-0.70,8.92,-0.70,0.71,0.52,-0.40,9.63,9.63,9.63
2647.43,8.83,-0.84,8.83,-0.84,0.85,0.63,-0.32,9.68,9.68,9.68
2673.90,8.73,-0.97,8.73,-0.98,0.98,0.74,-0.25,9.71,9.71,9.71
2700.64,8.63,-1.10,8.63,-1.11,1.11,0.86,-0.17,9.74,9.74,9.74
2727.65,8.53,-1.23,8.54,-1.23,1.23,0.99,-0.09,9.76,9.77,9.77
2754.93,8.45,-1.34,8.46,-1.34,1.34,1.12,-0.01,9.79,9.79,9.80
2782.48,8.38,-1.43,8.38,-1.44,1.43,1.26,0.07,9.82,9.81,9.82
2810.30,8.30,-1.53,8.31,-1.52,1.52,1.40,0.15,9.82,9.82,9.84
2838.40,8.23,-1.59,8.24,-1.59,1.59,1.53,0.23,9.82,9.83,9.83
2866.79,8.17,-1.63,8.17,-1.65,1.65,1.65,0.31,9.82,9.82,9.81
2895.46,8.11,-1.69,8.11,-1.69,1.69,1.75,0.39,9.81,9.81,9.81
2924.41,8.06,-1.72,8.07,-1.72,1.73,1.81,0.47,9.79,9.79,9.79
2953.65,8.02,-1.74,8.02,-1.75,1.75,1.84,0.55,9.77,9.77,9.77
2983.19,7.99,-1.75,7.99,-1.76,1.76,1.83,0.63,9.75,9.75,9.75
3013.02,7.96,-1.76,7.97,-1.75,1.75,1.79,0.71,9.71,9.72,9.73
3043.15,7.95,-1.73,7.96,-1.73,1.73,1.72,0.79,9.68,9.69,9.69
3073.58,7.96,-1.69,7.96,-1.70,1.69,1.63,0.87,9.66,9.66,9.66
3104.32,7.98,-1.65,7.98,-1.65,1.64,1.54,0.95,9.63,9.62,9.64
3135.36,8.00,-1.59,8.01,-1.59,1.58,1.45,1.03,9.58,9.59,9.60
3166.72,8.04,-1.51,8.04,-1.51,1.50,1.36,1.11,9.55,9.54,9.56
3198.38,8.08,-1.41,8.08,-1.42,1.42,1.28,1.19,9.50,9.50,9.50
3230.37,8.12,-1.32,8.13,-1.32,1.33,1.21,1.27,9.45,9.45,9.45
3262.67,8.17,-1.21,8.17,-1.22,1.23,1.15,1.34,9.41,9.40,9.39
3295.30,8.20,-1.13,8.20,-1.13,1.14,1.10,1.42,9.34,9.34,9.34
3328.25,8.23,-1.05,8.24,-1.05,1.05,1.06,1.50,9.28,9.29,9.29
3361.53,8.26,-0.96,8.26,-0.97,0.96,1.03,1.58,9.23,9.23,9.23
3395.15,8.28,-0.89,8.28,-0.89,0.89,1.00,1.65,9.17,9.17,9.18
3429.10,8.29,-0.81,8.29,-0.82,0.82,0.99,1.72,9.11,9.12,9.11
3463.39,8.29,-0.75,8.29,-0.76,0.76,0.97,1.79,9.06,9.06,9.05
3498.03,8.28,-0.72,8.28,-0.72,0.72,0.97,1.86,9.00,9.00,9.01
3533.01,8.25,-0.69,8.26,-0.69,0.69,0.97,1.93,8.94,8.94,8.95
3568.34,8.22,-0.66,8.22,-0.67,0.67,0.97,1.99,8.89,8.89,8.89
3604.02,8.17,-0.65,8.17,-0.66,0.67,0.98,2.05,8.84,8.84,8.83
3640.06,8.10,-0.67,8.10,-0.67,0.68,1.00,2.11,8.78,8.78,8.78
3676.46,8.02,-0.70,8.02,-0.71,0.71,1.02,2.16,8.73,8.73,8.73
3713.22,7.93,-0.75,7.94,-0.75,0.76,1.04,2.21,8.69,8.69,8.69
3750.36,7.84,-0.82,7.84,-0.82,0.82,1.07,2.26,8.66,8.66,8.67
3787.86,7.74,-0.88,7.74,-0.89,0.90,1.10,2.30,8.64,8.64,8.63
3825.74,7.63,-0.98,7.63,-0.98,0.99,1.14,2.33,8.62,8.62,8.62
3864.00,7.52,-1.08,7.52,-1.08,1.09,1.18,2.36,8.61,8.61,8.61
3902.64,7.40,-1.20,7.41,-1.20,1.20,1.22,2.38,8.60,8.60,8.61
3941.66,7.30,-1.30,7.30,-1.31,1.31,1.27,2.40,8.61,8.61,8.61
3981.08,7.19,-1.43,7.20,-1.43,1.42,1.32,2.41,8.62,8.62,8.63
4020.89,7.11,-1.53,7.11,-1.54,1.54,1.38,2.41,8.65,8.65,8.65
4061.10,7.02,-1.64,7.02,-1.65,1.65,1.43,2.41,8.67,8.67,8.67
4101.71,6.93,-1.75,6.94,-1.75,1.75,1.49,2.40,8.69,8.69,8.69
4142.73,6.86,-1.85,6.86,-1.85,1.85,1.55,2.39,8.72,8.72,8.72
4184.15,6.80,-1.94,6.81,-1.94,1.94,1.61,2.37,8.74,8.75,8.75
4226.00,6.76,-2.01,6.76,-2.02,2.01,1.67,2.35,8.78,8.77,8.78
4268.26,6.72,-2.08,6.72,-2.08,2.07,1.73,2.32,8.80,8.80,8.81
4310.94,6.69,-2.13,6.70,-2.13,2.12,1.78,2.28,8.81,8.82,8.83
4354.05,6.68,-2.15,6.68,-2.16,2.14,1.83,2.24,8.83,8.83,8.84
4397.59,6.68,-2.16,6.69,-2.16,2.15,1.88,2.20,8.84,8.84,8.85
4441.56,6.69,-2.15,6.69,-2.15,2.15,1.91,2.15,8.84,8.84,8.85
4485.98,6.70,-2.12,6.70,-2.13,2.13,1.94,2.10,8.83,8.83,8.83
4530.84,6.70,-2.09,6.71,-2.09,2.09,1.95,2.05,8.80,8.80,8.80
4576.15,6.71,-2.05,6.71,-2.05,2.05,1.95,1.99,8.76,8.76,8.77
4621.91,6.71,-1.99,6.71,-2.00,2.00,1.94,1.93,8.72,8.71,8.71
4668.13,6.70,-1.95,6.70,-1.95,1.95,1.92,1.87,8.66,8.66,8.66
4714.81,6.68,-1.90,6.69,-1.90,1.90,1.88,1.80,8.58,8.59,8.59
4761.96,6.66,-1.84,6.66,-1.85,1.85,1.84,1.74,8.51,8.51,8.51
4809.58,6.62,-1.80,6.62,-1.81,1.81,1.78,1.67,8.43,8.43,8.43
4857.67,6.56,-1.77,6.57,-1.77,1.77,1.71,1.60,8.33,8.34,8.34
4906.25,6.51,-1.73,6.51,-1.74,1.74,1.64,1.54,8.25,8.25,8.25
4955.31,6.43,-1.71,6.43,-1.71,1.73,1.56,1.47,8.16,8.16,8.15
5004.87,6.34,-1.70,6.35,-1.71,1.72,1.47,1.40,8.07,8.07,8.05
5054.91,6.25,-1.71,6.25,-1.72,1.73,1.39,1.33,7.99,7.98,7.97
5105.46,6.14,-1.74,6.14,-1.74,1.75,1.30,1.26,7.90,7.89,7.89
5156.52,6.01,-1.78,6.02,-1.78,1.78,1.21,1.19,7.80,7.80,7.80
5208.08,5.89,-1.82,5.89,-1.82,1.82,1.12,1.12,7.71,7.71,7.72
5260.16,5.76,-1.86,5.76,-1.87,1.86,1.03,1.06,7.62,7.62,7.63
5312.77,5.63,-1.91,5.63,-1.91,1.90,0.95,0.99,7.54,7.54,7.55
5365.89,5.50,-1.95,5.50,-1.95,1.94,0.87,0.92,7.45,7.45,7.46
5419.55,5.37,-1.97,5.37,-1.98,1.98,0.79,0.85,7.35,7.35,7.35
5473.75,5.24,-2.01,5.24,-2.01,2.01,0.71,0.79,7.25,7.25,7.26
5528.49,5.11,-2.03,5.11,-2.03,2.03,0.64,0.72,7.15,7.14,7.15
5583.77,4.98,-2.05,4.98,-2.05,2.04,0.57,0.66,7.03,7.03,7.04
5639.61,4.86,-2.04,4.86,-2.05,2.05,0.50,0.59,6.91,6.91,6.91
5696.00,4.74,-2.04,4.74,-2.04,2.04,0.44,0.53,6.78,6.77,6.79
5752.96,4.62,-2.02,4.62,-2.01,2.01,0.37,0.47,6.64,6.63,6.65
5810.49,4.50,-1.99,4.50,-1.98,1.97,0.32,0.40,6.48,6.48,6.50
5868.60,4.40,-1.92,4.39,-1.92,1.92,0.26,0.34,6.32,6.30,6.33
5927.28,4.28,-1.86,4.28,-1.85,1.84,0.21,0.28,6.12,6.12,6.15
5986.56,4.17,-1.78,4.16,-1.75,1.74,0.16,0.22,5.92,5.91,5.96
6046.42,4.06,-1.67,4.05,-1.64,1.63,0.11,0.15,5.69,5.68,5.74
6106.89,3.95,-1.53,3.94,-1.51,1.50,0.06,0.09,5.45,5.44,5.49
6167.96,3.84,-1.39,3.83,-1.35,1.35,0.01,0.03,5.20,5.18,5.24
6229.64,3.74,-1.24,3.72,-1.19,1.19,-0.03,-0.03,4.94,4.91,4.99
6291.93,3.64,-1.08,3.61,-1.03,1.02,-0.07,-0.09,4.67,4.63,4.73
6354.85,3.54,-0.91,3.51,-0.85,0.85,-0.11,-0.15,4.39,4.36,4.46
6418.40,3.44,-0.73,3.40,-0.66,0.67,-0.15,-0.21,4.11,4.07,4.18
6482.58,3.34,-0.54,3.29,-0.48,0.49,-0.19,-0.27,3.83,3.78,3.89
6547.41,3.21,-0.37,3.18,-0.30,0.31,-0.23,-0.33,3.52,3.49,3.59
6612.88,3.07,-0.20,3.06,-0.14,0.14,-0.26,-0.39,3.21,3.19,3.28
6679.01,2.93,-0.02,2.94,0.03,-0.03,-0.30,-0.45,2.90,2.90,2.96
6745.80,2.76,0.16,2.83,0.19,-0.19,-0.33,-0.50,2.58,2.64,2.61
6813.26,2.59,0.37,2.73,0.34,-0.33,-0.36,-0.56,2.26,2.40,2.23
6881.39,2.41,0.57,2.66,0.48,-0.47,-0.40,-0.62,1.94,2.19,1.85
6950.21,2.21,0.75,2.61,0.60,-0.59,-0.43,-0.67,1.62,2.02,1.47
7019.71,2.02,0.97,2.59,0.70,-0.70,-0.46,-0.73,1.32,1.89,1.06
7089.91,1.82,1.19,2.59,0.80,-0.80,-0.49,-0.78,1.03,1.79,0.64
7160.81,1.61,1.43,2.62,0.88,-0.88,-0.52,-0.83,0.73,1.74,0.19
7232.41,1.41,1.69,2.66,0.95,-0.95,-0.55,-0.88,0.46,1.71,-0.27
7304.74,1.20,1.94,2.72,1.01,-1.01,-0.58,-0.93,0.19,1.71,-0.73
7377.79,0.99,2.17,2.79,1.06,-1.06,-0.61,-0.98,-0.07,1.72,-1.17
7451.56,0.80,2.42,2.86,1.11,-1.11,-0.64,-1.02,-0.30,1.75,-1.61
7526.08,0.62,2.66,2.92,1.14,-1.15,-0.67,-1.07,-0.52,1.78,-2.03
7601.34,0.45,2.88,2.99,1.18,-1.18,-0.69,-1.10,-0.73,1.81,-2.42
7677.35,0.31,3.06,3.05,1.21,-1.21,-0.72,-1.14,-0.90,1.84,-2.74
7754.13,0.18,3.22,3.10,1.24,-1.24,-0.75,-1.17,-1.05,1.86,-3.03
7831.67,0.08,3.33,3.15,1.26,-1.26,-0.78,-1.20,-1.18,1.89,-3.24
7909.98,0.02,3.41,3.19,1.29,-1.29,-0.81,-1.23,-1.26,1.90,-3.38
7989.08,-0.04,3.43,3.22,1.31,-1.31,-0.83,-1.25,-1.35,1.92,-3.46
8068.98,-0.10,3.40,3.25,1.33,-1.33,-0.86,-1.27,-1.43,1.92,-3.49
8149.67,-0.13,3.32,3.28,1.35,-1.35,-0.89,-1.28,-1.48,1.93,-3.44
8231.16,-0.13,3.19,3.30,1.37,-1.37,-0.92,-1.29,-1.50,1.93,-3.31
8313.47,-0.09,3.04,3.31,1.39,-1.39,-0.95,-1.30,-1.47,1.93,-3.12
8396.61,-0.02,2.86,3.33,1.41,-1.41,-0.97,-1.30,-1.42,1.92,-2.87
8480.57,0.07,2.63,3.35,1.42,-1.43,-1.00,-1.30,-1.35,1.92,-2.55
8565.38,0.20,2.42,3.36,1.45,-1.45,-1.03,-1.30,-1.24,1.92,-2.21
8651.03,0.35,2.20,3.38,1.47,-1.47,-1.06,-1.30,-1.12,1.91,-1.84
8737.54,0.53,1.99,3.40,1.49,-1.49,-1.09,-1.29,-0.96,1.91,-1.45
8824.92,0.73,1.79,3.43,1.51,-1.52,-1.12,-1.28,-0.78,1.91,-1.05
8913.17,0.95,1.61,3.45,1.54,-1.54,-1.15,-1.27,-0.59,1.91,-0.65
9002.30,1.18,1.45,3.48,1.57,-1.57,-1.18,-1.25,-0.38,1.91,-0.26
9092.32,1.43,1.34,3.50,1.59,-1.59,-1.20,-1.24,-0.16,1.91,0.10
9183.25,1.70,1.27,3.52,1.62,-1.62,-1.23,-1.23,0.09,1.91,0.44
9275.08,1.97,1.24,3.53,1.64,-1.64,-1.26,-1.21,0.34,1.90,0.74
9367.83,2.26,1.26,3.54,1.66,-1.66,-1.29,-1.19,0.61,1.88,1.01
9461.51,2.55,1.28,3.54,1.67,-1.67,-1.32,-1.18,0.89,1.87,1.28
9556.12,2.84,1.32,3.53,1.68,-1.68,-1.35,-1.16,1.17,1.86,1.53
9651.68,3.15,1.42,3.51,1.69,-1.68,-1.38,-1.15,1.47,1.83,1.74
9748.20,3.45,1.51,3.49,1.70,-1.69,-1.42,-1.13,1.77,1.80,1.95
9845.68,3.75,1.62,3.45,1.70,-1.69,-1.45,-1.12,2.06,1.76,2.14
9944.14,4.03,1.72,3.40,1.69,-1.70,-1.48,-1.11,2.33,1.70,2.32
10043.58,4.30,1.82,3.35,1.68,-1.72,-1.51,-1.10,2.59,1.63,2.49
10144.02,4.58,1.92,3.20,1.72,-1.74,-1.54,-1.09,2.85,1.47,2.67
10245.46,4.84,2.00,3.05,1.76,-1.76,-1.57,-1.08,3.08,1.29,2.85
10347.91,5.09,2.08,2.89,1.80,-1.79,-1.61,-1.08,3.30,1.10,3.02
10451.39,5.31,2.14,2.73,1.83,-1.82,-1.64,-1.07,3.49,0.91,3.18
10555.91,5.50,2.17,2.57,1.87,-1.86,-1.67,-1.07,3.64,0.70,3.34
10661.46,5.66,2.18,2.39,1.91,-1.90,-1.71,-1.07,3.76,0.49,3.49
10768.08,5.79,2.19,2.22,1.94,-1.94,-1.74,-1.07,3.85,0.28,3.61
10875.76,5.89,2.17,2.03,1.98,-1.98,-1.78,-1.07,3.92,0.06,3.73
10984.52,5.96,2.14,1.85,2.01,-2.01,-1.81,-1.08,3.95,-0.17,3.83
11094.36,6.00,2.10,1.65,2.05,-2.05,-1.85,-1.09,3.96,-0.39,3.91
11205.31,6.00,2.04,1.46,2.08,-2.08,-1.88,-1.10,3.92,-0.63,3.97
11317.36,5.97,1.98,1.25,2.12,-2.12,-1.92,-1.11,3.86,-0.87,4.00
11430.53,5.91,1.92,1.04,2.15,-2.15,-1.95,-1.13,3.76,-1.11,4.00
11544.84,5.83,1.88,0.83,2.19,-2.19,-1.99,-1.15,3.65,-1.36,3.96
11660.29,5.72,1.82,0.61,2.22,-2.22,-2.03,-1.17,3.50,-1.61,3.91
11776.89,5.57,1.75,0.38,2.25,-2.25,-2.06,-1.20,3.32,-1.87,3.83
11894.66,5.39,1.68,0.15,2.29,-2.29,-2.10,-1.23,3.11,-2.13,3.72
12013.60,5.17,1.61,-0.08,2.32,-2.32,-2.14,-1.26,2.85,-2.40,3.57
12133.74,4.91,1.54,-0.32,2.35,-2.35,-2.18,-1.30,2.56,-2.68,3.38
12255.08,4.61,1.47,-0.57,2.39,-2.39,-2.21,-1.34,2.23,-2.96,3.15
12377.63,4.29,1.43,-0.82,2.42,-2.42,-2.25,-1.38,1.87,-3.24,2.87
12501.41,3.91,1.36,-1.08,2.45,-2.45,-2.29,-1.43,1.46,-3.53,2.56
12626.42,3.49,1.31,-1.34,2.48,-2.48,-2.33,-1.49,1.01,-3.82,2.19
12752.68,3.02,1.24,-1.61,2.52,-2.52,-2.37,-1.55,0.51,-4.12,1.79
12880.21,2.52,1.17,-1.88,2.55,-2.55,-2.41,-1.61,-0.02,-4.43,1.36
13009.01,1.97,1.08,-2.16,2.58,-2.58,-2.45,-1.68,-0.61,-4.74,0.90
13139.10,1.38,0.98,-2.44,2.61,-2.61,-2.49,-1.76,-1.23,-5.05,0.41
13270.49,0.77,0.86,-2.73,2.64,-2.64,-2.53,-1.85,-1.87,-5.37,-0.08
13403.20,0.15,0.75,-3.02,2.67,-2.67,-2.57,-1.95,-2.52,-5.69,-0.59
13537.23,-0.48,0.64,-3.32,2.70,-2.70,-2.61,-2.05,-3.18,-6.02,-1.11
13672.60,-1.11,0.56,-3.62,2.73,-2.73,-2.65,-2.16,-3.84,-6.36,-1.66
13809.33,-1.74,0.49,-3.93,2.76,-2.76,-2.70,-2.29,-4.50,-6.70,-2.22
13947.42,-2.35,0.46,-4.25,2.79,-2.79,-2.74,-2.42,-5.14,-7.04,-2.80
14086.90,-2.94,0.47,-4.57,2.82,-2.82,-2.78,-2.57,-5.76,-7.39,-3.40
14227.77,-3.50,0.50,-4.89,2.85,-2.85,-2.82,-2.73,-6.35,-7.75,-3.99
14370.04,-4.03,0.57,-5.22,2.88,-2.88,-2.86,-2.90,-6.91,-8.11,-4.59
14513.74,-4.54,0.66,-5.56,2.91,-2.91,-2.90,-3.08,-7.45,-8.47,-5.19
14658.88,-5.02,0.78,-5.90,2.94,-2.94,-2.94,-3.27,-7.95,-8.84,-5.79
14805.47,-5.47,0.95,-6.25,2.97,-2.97,-2.99,-3.47,-8.43,-9.21,-6.41
14953.52,-5.89,1.14,-6.60,2.99,-2.99,-3.03,-3.68,-8.88,-9.59,-7.02
15103.06,-6.28,1.40,-6.96,3.02,-3.02,-3.07,-3.89,-9.30,-9.98,-7.67
15254.09,-6.65,1.69,-7.32,3.05,-3.05,-3.11,-4.10,-9.70,-10.37,-8.33
15406.63,-7.01,2.00,-7.69,3.08,-3.08,-3.15,-4.29,-10.08,-10.76,-9.00
15560.70,-7.36,2.31,-8.06,3.10,-3.10,-3.19,-4.46,-10.46,-11.16,-9.66
15716.30,-7.70,2.63,-8.44,3.13,-3.13,-3.23,-4.59,-10.83,-11.57,-10.32
15873.47,-8.05,2.92,-8.82,3.16,-3.16,-3.27,-4.67,-11.20,-11.98,-10.96
16032.20,-8.43,3.20,-9.21,3.18,-3.18,-3.31,-4.69,-11.61,-12.40,-11.62
16192.52,-8.85,3.50,-9.61,3.21,-3.21,-3.34,-4.63,-12.06,-12.82,-12.34
16354.45,-9.33,3.73,-10.01,3.24,-3.24,-3.38,-4.51,-12.56,-13.24,-13.05
16517.99,-9.89,3.89,-10.41,3.26,-3.26,-3.42,-4.32,-13.15,-13.67,-13.77
16683.17,-10.54,3.98,-10.82,3.29,-3.29,-3.45,-4.07,-13.82,-14.11,-14.51
16850.01,-11.33,3.95,-11.24,3.31,-3.31,-3.48,-3.78,-14.64,-14.55,-15.27
17018.51,-12.24,3.86,-11.66,3.34,-3.34,-3.52,-3.47,-15.57,-14.99,-16.09
17188.69,-13.23,3.80,-12.08,3.36,-3.36,-3.55,-3.15,-16.59,-15.44,-17.02
17360.58,-14.28,3.72,-12.51,3.39,-3.39,-3.57,-2.83,-17.66,-15.90,-17.99
17534.18,-15.36,3.58,-12.95,3.41,-3.41,-3.60,-2.52,-18.77,-16.36,-18.93
17709.53,-16.43,3.41,-13.39,3.43,-3.43,-3.62,-2.22,-19.86,-16.83,-19.83
17886.62,-17.45,3.26,-13.84,3.46,-3.46,-3.64,-1.95,-20.90,-17.30,-20.70
18065.49,-18.08,3.41,-14.29,3.48,-3.48,-3.66,-1.70,-21.56,-17.77,-21.48
18246.14,-18.65,3.66,-14.75,3.50,-3.50,-3.67,-1.48,-22.15,-18.25,-22.30
18428.60,-19.16,3.94,-15.21,3.53,-3.53,-3.68,-1.28,-22.68,-18.74,-23.09
18612.89,-19.60,4.25,-15.68,3.55,-3.55,-3.68,-1.10,-23.15,-19.23,-23.84
18799.02,-19.98,4.59,-16.15,3.57,-3.57,-3.67,-0.94,-23.55,-19.73,-24.56
18987.01,-20.30,4.95,-16.63,3.60,-3.60,-3.66,-0.79,-23.89,-20.23,-25.24
19176.88,-20.55,5.43,-17.12,3.62,-3.62,-3.63,-0.67,-24.16,-20.73,-25.97
19368.65,-20.74,5.95,-17.61,3.64,-3.64,-3.59,-0.56,-24.38,-21.24,-26.68
19562.33,-20.87,6.48,-18.10,3.66,-3.66,-3.54,-0.46,-24.53,-21.76,-27.34
19757.96,-20.93,7.05,-18.60,3.68,-3.68,-3.47,-0.38,-24.61,-22.28,-27.97
19955.54,-20.93,7.65,-19.11,3.70,-3.70,-3.38,-0.31,-24.63,-22.81,-28.57
