frequency,raw,error,smoothed,error_smoothed,equalization,parametric_eq,fixed_band_eq,equalized_raw,equalized_smoothed,target
20.00,-1.44,-0.95,-1.44,-0.94,0.95,0.01,-0.05,-0.49,-0.49,-0.50
20.20,-1.41,-0.95,-1.43,-0.96,0.96,-0.00,-0.05,-0.45,-0.46,-0.47
20.40,-1.41,-0.98,-1.41,-0.97,0.97,-0.02,-0.05,-0.45,-0.44,-0.44
20.61,-1.37,-0.96,-1.39,-0.97,0.97,-0.03,-0.05,-0.41,-0.42,-0.42
20.81,-1.37,-0.99,-1.36,-0.97,0.97,-0.04,-0.05,-0.41,-0.39,-0.39
21.02,-1.32,-0.97,-1.33,-0.96,0.96,-0.06,-0.05,-0.37,-0.37,-0.36
21.23,-1.28,-0.94,-1.30,-0.95,0.95,-0.07,-0.05,-0.34,-0.35,-0.35
21.44,-1.27,-0.94,-1.26,-0.92,0.93,-0.08,-0.05,-0.34,-0.33,-0.34
21.66,-1.23,-0.91,-1.23,-0.90,0.91,-0.10,-0.05,-0.33,-0.33,-0.33
21.87,-1.19,-0.87,-1.21,-0.88,0.88,-0.11,-0.05,-0.32,-0.33,-0.33
22.09,-1.18,-0.86,-1.17,-0.85,0.85,-0.12,-0.05,-0.34,-0.32,-0.32
22.31,-1.13,-0.81,-1.14,-0.82,0.81,-0.14,-0.05,-0.32,-0.32,-0.32
22.54,-1.09,-0.78,-1.10,-0.78,0.78,-0.15,-0.05,-0.31,-0.32,-0.32
22.76,-1.06,-0.74,-1.06,-0.74,0.75,-0.17,-0.05,-0.32,-0.32,-0.32
22.99,-1.03,-0.70,-1.03,-0.71,0.71,-0.18,-0.05,-0.32,-0.32,-0.33
23.22,-1.00,-0.67,-1.00,-0.67,0.68,-0.20,-0.05,-0.33,-0.33,-0.33
23.45,-0.97,-0.64,-0.98,-0.64,0.64,-0.21,-0.05,-0.33,-0.33,-0.33
23.69,-0.94,-0.61,-0.94,-0.61,0.61,-0.23,-0.05,-0.34,-0.33,-0.33
23.92,-0.90,-0.57,-0.90,-0.57,0.57,-0.24,-0.05,-0.33,-0.33,-0.33
24.16,-0.85,-0.53,-0.86,-0.53,0.53,-0.26,-0.05,-0.32,-0.33,-0.32
24.40,-0.82,-0.50,-0.83,-0.50,0.50,-0.27,-0.05,-0.33,-0.33,-0.32
24.65,-0.79,-0.46,-0.79,-0.46,0.46,-0.29,-0.06,-0.33,-0.33,-0.33
24.89,-0.76,-0.43,-0.76,-0.42,0.42,-0.30,-0.06,-0.34,-0.33,-0.33
25.14,-0.71,-0.38,-0.72,-0.38,0.38,-0.32,-0.06,-0.33,-0.33,-0.34
25.39,-0.67,-0.34,-0.68,-0.34,0.34,-0.33,-0.06,-0.33,-0.34,-0.34
25.65,-0.64,-0.31,-0.64,-0.30,0.30,-0.35,-0.06,-0.34,-0.34,-0.34
25.91,-0.61,-0.27,-0.61,-0.27,0.27,-0.37,-0.06,-0.35,-0.35,-0.35
26.16,-0.57,-0.23,-0.57,-0.23,0.23,-0.38,-0.06,-0.35,-0.35,-0.35
26.43,-0.53,-0.19,-0.54,-0.19,0.19,-0.40,-0.06,-0.35,-0.35,-0.35
26.69,-0.49,-0.14,-0.50,-0.15,0.15,-0.42,-0.07,-0.35,-0.35,-0.35
26.96,-0.46,-0.11,-0.46,-0.11,0.11,-0.43,-0.07,-0.36,-0.35,-0.35
27.23,-0.41,-0.06,-0.42,-0.07,0.07,-0.45,-0.07,-0.35,-0.35,-0.35
27.50,-0.38,-0.03,-0.39,-0.03,0.03,-0.47,-0.07,-0.36,-0.36,-0.35
27.77,-0.35,0.01,-0.35,0.01,-0.01,-0.48,-0.08,-0.37,-0.36,-0.36
28.05,-0.32,0.04,-0.32,0.05,-0.05,-0.50,-0.08,-0.38,-0.37,-0.36
28.33,-0.27,0.10,-0.28,0.09,-0.09,-0.52,-0.09,-0.36,-0.37,-0.37
28.62,-0.23,0.14,-0.24,0.14,-0.13,-0.54,-0.09,-0.36,-0.37,-0.38
28.90,-0.20,0.17,-0.20,0.18,-0.17,-0.55,-0.10,-0.37,-0.37,-0.38
29.19,-0.17,0.21,-0.17,0.21,-0.21,-0.57,-0.10,-0.38,-0.38,-0.39
29.48,-0.14,0.24,-0.14,0.24,-0.25,-0.59,-0.11,-0.39,-0.39,-0.38
29.78,-0.11,0.28,-0.11,0.28,-0.29,-0.61,-0.12,-0.40,-0.40,-0.39
30.08,-0.06,0.33,-0.07,0.32,-0.33,-0.63,-0.13,-0.39,-0.40,-0.39
30.38,-0.02,0.38,-0.03,0.37,-0.37,-0.64,-0.14,-0.39,-0.40,-0.40
30.68,0.01,0.41,0.01,0.42,-0.41,-0.66,-0.15,-0.40,-0.40,-0.40
30.99,0.04,0.45,0.04,0.45,-0.45,-0.68,-0.16,-0.41,-0.41,-0.41
31.30,0.08,0.49,0.07,0.48,-0.49,-0.70,-0.17,-0.41,-0.42,-0.42
31.61,0.10,0.51,0.10,0.52,-0.53,-0.72,-0.18,-0.43,-0.43,-0.42
31.93,0.14,0.56,0.14,0.57,-0.57,-0.74,-0.19,-0.43,-0.43,-0.43
32.24,0.17,0.61,0.17,0.61,-0.61,-0.76,-0.21,-0.44,-0.44,-0.44
32.57,0.22,0.66,0.20,0.65,-0.64,-0.78,-0.22,-0.43,-0.44,-0.44
32.89,0.23,0.67,0.24,0.69,-0.68,-0.80,-0.23,-0.45,-0.44,-0.44
33.22,0.27,0.72,0.27,0.72,-0.72,-0.82,-0.25,-0.45,-0.45,-0.46
33.55,0.31,0.76,0.30,0.75,-0.76,-0.84,-0.27,-0.45,-0.46,-0.46
33.89,0.32,0.79,0.33,0.79,-0.79,-0.86,-0.29,-0.48,-0.46,-0.47
34.23,0.36,0.83,0.35,0.82,-0.83,-0.88,-0.30,-0.47,-0.48,-0.47
34.57,0.38,0.86,0.38,0.86,-0.86,-0.90,-0.32,-0.49,-0.48,-0.48
34.92,0.40,0.89,0.40,0.90,-0.90,-0.92,-0.34,-0.50,-0.49,-0.50
35.27,0.45,0.94,0.43,0.93,-0.93,-0.94,-0.36,-0.49,-0.50,-0.50
35.62,0.45,0.96,0.46,0.97,-0.97,-0.96,-0.38,-0.52,-0.51,-0.51
35.97,0.50,1.02,0.49,1.01,-1.01,-0.98,-0.41,-0.51,-0.52,-0.52
36.33,0.52,1.04,0.51,1.04,-1.04,-1.01,-0.43,-0.53,-0.53,-0.52
36.70,0.54,1.07,0.54,1.08,-1.08,-1.03,-0.45,-0.54,-0.54,-0.54
37.06,0.58,1.13,0.57,1.12,-1.12,-1.05,-0.48,-0.54,-0.55,-0.55
37.43,0.59,1.14,0.60,1.15,-1.15,-1.07,-0.50,-0.56,-0.56,-0.55
37.81,0.64,1.20,0.62,1.19,-1.19,-1.09,-0.53,-0.55,-0.56,-0.57
38.19,0.64,1.21,0.65,1.22,-1.22,-1.12,-0.55,-0.58,-0.57,-0.58
38.57,0.68,1.26,0.67,1.25,-1.25,-1.14,-0.58,-0.58,-0.58,-0.58
38.95,0.68,1.27,0.68,1.28,-1.28,-1.16,-0.61,-0.61,-0.60,-0.59
39.34,0.71,1.31,0.70,1.31,-1.31,-1.18,-0.64,-0.61,-0.61,-0.61
39.74,0.73,1.35,0.72,1.34,-1.34,-1.21,-0.67,-0.62,-0.62,-0.62
40.14,0.74,1.36,0.74,1.37,-1.37,-1.23,-0.70,-0.63,-0.63,-0.62
40.54,0.78,1.41,0.76,1.40,-1.40,-1.26,-0.73,-0.62,-0.63,-0.64
40.94,0.78,1.42,0.79,1.43,-1.42,-1.28,-0.76,-0.65,-0.64,-0.64
41.35,0.81,1.46,0.80,1.45,-1.45,-1.30,-0.79,-0.64,-0.65,-0.66
41.76,0.82,1.48,0.81,1.47,-1.48,-1.33,-0.82,-0.66,-0.66,-0.66
42.18,0.82,1.48,0.84,1.50,-1.50,-1.35,-0.86,-0.69,-0.67,-0.66
42.60,0.87,1.54,0.85,1.52,-1.53,-1.38,-0.89,-0.66,-0.68,-0.68
43.03,0.87,1.55,0.87,1.55,-1.56,-1.40,-0.92,-0.69,-0.69,-0.68
43.46,0.87,1.56,0.89,1.59,-1.59,-1.43,-0.96,-0.72,-0.70,-0.70
43.90,0.92,1.64,0.90,1.62,-1.62,-1.45,-1.00,-0.70,-0.72,-0.72
44.33,0.92,1.65,0.91,1.65,-1.64,-1.48,-1.03,-0.73,-0.73,-0.74
44.78,0.92,1.67,0.92,1.68,-1.67,-1.51,-1.07,-0.76,-0.75,-0.75
45.23,0.92,1.68,0.93,1.70,-1.70,-1.53,-1.11,-0.78,-0.77,-0.77
45.68,0.96,1.74,0.94,1.73,-1.72,-1.56,-1.15,-0.76,-0.78,-0.78
46.13,0.96,1.76,0.95,1.75,-1.74,-1.59,-1.19,-0.79,-0.79,-0.80
46.60,0.96,1.76,0.96,1.77,-1.77,-1.61,-1.23,-0.81,-0.81,-0.81
47.06,0.96,1.78,0.96,1.78,-1.79,-1.64,-1.27,-0.83,-0.83,-0.82
47.53,0.96,1.79,0.97,1.80,-1.82,-1.67,-1.32,-0.86,-0.85,-0.84
48.01,0.99,1.83,0.98,1.83,-1.84,-1.69,-1.36,-0.86,-0.86,-0.84
48.49,1.01,1.88,1.00,1.87,-1.87,-1.72,-1.40,-0.86,-0.87,-0.87
48.97,1.01,1.90,1.01,1.91,-1.90,-1.75,-1.45,-0.89,-0.89,-0.90
49.46,1.01,1.93,1.01,1.93,-1.92,-1.77,-1.49,-0.92,-0.91,-0.93
49.96,1.01,1.96,1.01,1.95,-1.95,-1.80,-1.54,-0.94,-0.94,-0.95
50.46,1.01,1.97,1.01,1.97,-1.97,-1.83,-1.58,-0.97,-0.97,-0.96
50.96,1.01,1.99,1.01,1.99,-1.99,-1.86,-1.63,-0.99,-0.99,-0.98
51.47,1.01,2.01,1.01,2.01,-2.01,-1.88,-1.67,-1.01,-1.01,-1.01
51.99,1.01,2.03,1.01,2.03,-2.03,-1.91,-1.72,-1.02,-1.02,-1.03
52.51,1.01,2.04,1.01,2.05,-2.05,-1.93,-1.76,-1.04,-1.04,-1.04
53.03,1.01,2.06,1.01,2.06,-2.07,-1.96,-1.80,-1.06,-1.06,-1.06
53.56,1.01,2.08,1.01,2.08,-2.09,-1.99,-1.85,-1.08,-1.08,-1.08
54.10,1.01,2.10,1.01,2.10,-2.11,-2.01,-1.89,-1.10,-1.10,-1.10
54.64,1.01,2.12,1.01,2.12,-2.12,-2.03,-1.93,-1.12,-1.12,-1.12
55.18,1.01,2.14,1.01,2.14,-2.14,-2.06,-1.98,-1.13,-1.13,-1.14
55.74,1.01,2.16,1.01,2.16,-2.16,-2.08,-2.02,-1.15,-1.15,-1.16
56.29,1.01,2.17,1.01,2.18,-2.17,-2.10,-2.05,-1.16,-1.16,-1.17
56.86,1.01,2.20,1.00,2.19,-2.18,-2.12,-2.09,-1.17,-1.18,-1.19
57.42,0.98,2.19,0.98,2.19,-2.19,-2.14,-2.13,-1.21,-1.21,-1.21
58.00,0.96,2.18,0.96,2.19,-2.20,-2.16,-2.16,-1.24,-1.23,-1.23
58.58,0.96,2.19,0.95,2.19,-2.20,-2.18,-2.19,-1.25,-1.25,-1.24
59.16,0.96,2.21,0.96,2.21,-2.21,-2.19,-2.22,-1.26,-1.25,-1.25
59.76,0.96,2.22,0.95,2.22,-2.22,-2.21,-2.24,-1.26,-1.27,-1.27
60.35,0.96,2.25,0.94,2.23,-2.23,-2.22,-2.27,-1.28,-1.29,-1.29
60.96,0.92,2.22,0.93,2.24,-2.24,-2.24,-2.29,-1.33,-1.32,-1.30
61.57,0.92,2.26,0.92,2.26,-2.26,-2.25,-2.30,-1.34,-1.34,-1.34
62.18,0.92,2.28,0.91,2.27,-2.27,-2.26,-2.32,-1.35,-1.36,-1.37
62.80,0.92,2.30,0.90,2.29,-2.28,-2.27,-2.33,-1.37,-1.38,-1.38
63.43,0.88,2.28,0.89,2.29,-2.29,-2.28,-2.34,-1.41,-1.40,-1.41
64.07,0.87,2.29,0.88,2.30,-2.30,-2.28,-2.35,-1.43,-1.42,-1.42
64.71,0.87,2.31,0.86,2.30,-2.31,-2.29,-2.35,-1.44,-1.44,-1.44
65.35,0.87,2.33,0.85,2.31,-2.31,-2.30,-2.35,-1.44,-1.46,-1.46
66.01,0.82,2.30,0.84,2.32,-2.32,-2.30,-2.35,-1.50,-1.48,-1.48
66.67,0.82,2.31,0.82,2.31,-2.32,-2.30,-2.35,-1.50,-1.50,-1.50
67.33,0.82,2.33,0.80,2.32,-2.32,-2.31,-2.34,-1.51,-1.52,-1.52
68.01,0.78,2.31,0.79,2.33,-2.32,-2.31,-2.33,-1.55,-1.53,-1.54
68.69,0.78,2.33,0.77,2.33,-2.33,-2.31,-2.32,-1.55,-1.56,-1.56
69.37,0.76,2.34,0.75,2.33,-2.33,-2.31,-2.31,-1.57,-1.58,-1.58
70.07,0.73,2.33,0.74,2.33,-2.33,-2.32,-2.30,-1.61,-1.60,-1.60
70.77,0.73,2.34,0.71,2.33,-2.34,-2.32,-2.28,-1.61,-1.62,-1.61
71.48,0.69,2.32,0.70,2.33,-2.34,-2.32,-2.27,-1.65,-1.64,-1.64
72.19,0.68,2.34,0.68,2.34,-2.34,-2.32,-2.25,-1.67,-1.66,-1.66
72.91,0.68,2.36,0.66,2.35,-2.34,-2.32,-2.24,-1.67,-1.68,-1.68
73.64,0.64,2.34,0.65,2.35,-2.35,-2.32,-2.22,-1.71,-1.70,-1.71
74.38,0.64,2.36,0.63,2.35,-2.35,-2.32,-2.20,-1.71,-1.72,-1.72
75.12,0.59,2.34,0.60,2.34,-2.34,-2.32,-2.18,-1.76,-1.75,-1.75
75.87,0.59,2.35,0.58,2.34,-2.34,-2.32,-2.17,-1.76,-1.77,-1.77
76.63,0.55,2.33,0.55,2.34,-2.34,-2.32,-2.15,-1.80,-1.79,-1.78
77.40,0.54,2.34,0.53,2.34,-2.34,-2.31,-2.14,-1.80,-1.80,-1.80
78.17,0.51,2.33,0.51,2.33,-2.33,-2.31,-2.12,-1.83,-1.82,-1.83
78.95,0.50,2.33,0.49,2.33,-2.33,-2.31,-2.11,-1.83,-1.84,-1.84
79.74,0.47,2.32,0.47,2.33,-2.32,-2.31,-2.09,-1.86,-1.85,-1.86
80.54,0.45,2.32,0.45,2.32,-2.32,-2.31,-2.08,-1.87,-1.87,-1.88
81.35,0.43,2.32,0.42,2.31,-2.32,-2.31,-2.07,-1.89,-1.90,-1.90
82.16,0.40,2.31,0.40,2.31,-2.31,-2.31,-2.06,-1.92,-1.92,-1.92
82.98,0.37,2.29,0.37,2.31,-2.31,-2.31,-2.05,-1.94,-1.94,-1.93
83.81,0.36,2.31,0.35,2.31,-2.31,-2.31,-2.05,-1.95,-1.95,-1.96
84.65,0.33,2.31,0.33,2.30,-2.30,-2.31,-2.04,-1.97,-1.97,-1.98
85.50,0.31,2.30,0.30,2.30,-2.30,-2.31,-2.04,-1.99,-1.99,-1.99
86.35,0.27,2.28,0.27,2.29,-2.29,-2.31,-2.03,-2.03,-2.02,-2.02
87.22,0.26,2.30,0.25,2.29,-2.29,-2.31,-2.03,-2.03,-2.04,-2.04
88.09,0.22,2.28,0.22,2.28,-2.28,-2.31,-2.03,-2.07,-2.06,-2.06
88.97,0.20,2.28,0.19,2.28,-2.28,-2.31,-2.03,-2.08,-2.09,-2.08
89.86,0.17,2.27,0.16,2.27,-2.27,-2.31,-2.04,-2.11,-2.11,-2.10
90.76,0.13,2.27,0.14,2.27,-2.27,-2.31,-2.04,-2.14,-2.13,-2.14
91.66,0.13,2.28,0.11,2.27,-2.27,-2.31,-2.05,-2.14,-2.16,-2.16
92.58,0.08,2.27,0.08,2.27,-2.27,-2.31,-2.06,-2.19,-2.18,-2.19
93.51,0.06,2.26,0.05,2.26,-2.27,-2.31,-2.07,-2.21,-2.21,-2.21
94.44,0.03,2.26,0.03,2.26,-2.27,-2.31,-2.08,-2.24,-2.24,-2.23
95.39,-0.00,2.26,0.00,2.27,-2.27,-2.31,-2.09,-2.27,-2.26,-2.26
96.34,-0.01,2.28,-0.03,2.27,-2.26,-2.31,-2.11,-2.28,-2.29,-2.30
97.30,-0.06,2.26,-0.06,2.27,-2.26,-2.31,-2.12,-2.33,-2.32,-2.33
98.28,-0.09,2.26,-0.09,2.27,-2.26,-2.31,-2.14,-2.36,-2.35,-2.35
99.26,-0.11,2.27,-0.12,2.26,-2.26,-2.31,-2.15,-2.37,-2.39,-2.38
100.25,-0.15,2.26,-0.15,2.26,-2.26,-2.30,-2.17,-2.41,-2.41,-2.41
101.25,-0.19,2.24,-0.18,2.26,-2.26,-2.30,-2.19,-2.45,-2.44,-2.44
102.27,-0.20,2.26,-0.22,2.25,-2.25,-2.30,-2.21,-2.46,-2.47,-2.47
103.29,-0.25,2.25,-0.25,2.25,-2.25,-2.30,-2.23,-2.50,-2.50,-2.50
104.32,-0.28,2.24,-0.28,2.25,-2.25,-2.30,-2.26,-2.53,-2.52,-2.52
105.37,-0.29,2.26,-0.31,2.24,-2.24,-2.29,-2.28,-2.54,-2.55,-2.55
106.42,-0.34,2.23,-0.34,2.24,-2.24,-2.29,-2.30,-2.59,-2.58,-2.58
107.48,-0.37,2.23,-0.37,2.24,-2.24,-2.29,-2.32,-2.61,-2.61,-2.61
108.56,-0.39,2.25,-0.40,2.24,-2.24,-2.28,-2.35,-2.63,-2.64,-2.65
109.64,-0.43,2.24,-0.43,2.24,-2.24,-2.28,-2.37,-2.67,-2.67,-2.67
110.74,-0.47,2.23,-0.47,2.23,-2.24,-2.27,-2.39,-2.71,-2.71,-2.70
111.85,-0.50,2.23,-0.50,2.23,-2.24,-2.27,-2.41,-2.74,-2.74,-2.73
112.97,-0.53,2.24,-0.53,2.24,-2.24,-2.26,-2.43,-2.77,-2.77,-2.78
114.10,-0.56,2.24,-0.56,2.24,-2.24,-2.26,-2.45,-2.81,-2.80,-2.80
115.24,-0.59,2.25,-0.60,2.25,-2.25,-2.25,-2.47,-2.84,-2.84,-2.84
116.39,-0.62,2.25,-0.63,2.25,-2.25,-2.25,-2.49,-2.87,-2.88,-2.88
117.55,-0.67,2.24,-0.66,2.26,-2.25,-2.25,-2.50,-2.93,-2.91,-2.92
118.73,-0.68,2.27,-0.69,2.26,-2.25,-2.24,-2.52,-2.94,-2.94,-2.95
119.92,-0.71,2.26,-0.73,2.26,-2.26,-2.24,-2.53,-2.97,-2.98,-2.98
121.12,-0.76,2.25,-0.76,2.26,-2.26,-2.23,-2.54,-3.02,-3.01,-3.01
122.33,-0.80,2.25,-0.79,2.25,-2.26,-2.23,-2.55,-3.06,-3.05,-3.05
123.55,-0.81,2.26,-0.83,2.25,-2.26,-2.22,-2.56,-3.07,-3.08,-3.07
124.79,-0.85,2.26,-0.85,2.26,-2.26,-2.22,-2.56,-3.11,-3.11,-3.11
126.03,-0.89,2.25,-0.88,2.26,-2.26,-2.22,-2.56,-3.15,-3.14,-3.14
127.29,-0.90,2.27,-0.92,2.26,-2.26,-2.22,-2.56,-3.17,-3.18,-3.18
128.57,-0.95,2.27,-0.95,2.27,-2.27,-2.22,-2.56,-3.22,-3.21,-3.22
129.85,-0.99,2.26,-0.98,2.27,-2.27,-2.22,-2.56,-3.26,-3.25,-3.25
131.15,-0.99,2.29,-1.01,2.27,-2.27,-2.22,-2.55,-3.27,-3.29,-3.29
132.46,-1.04,2.27,-1.04,2.28,-2.28,-2.22,-2.55,-3.32,-3.31,-3.32
133.79,-1.06,2.27,-1.07,2.28,-2.28,-2.22,-2.54,-3.34,-3.35,-3.34
135.12,-1.09,2.29,-1.09,2.28,-2.28,-2.23,-2.53,-3.38,-3.38,-3.38
136.48,-1.12,2.28,-1.12,2.28,-2.28,-2.23,-2.52,-3.41,-3.40,-3.40
137.84,-1.13,2.30,-1.15,2.29,-2.29,-2.24,-2.50,-3.42,-3.43,-3.43
139.22,-1.18,2.28,-1.17,2.29,-2.29,-2.25,-2.49,-3.47,-3.46,-3.47
140.61,-1.19,2.30,-1.20,2.29,-2.29,-2.26,-2.48,-3.48,-3.49,-3.50
142.02,-1.23,2.27,-1.23,2.28,-2.29,-2.27,-2.46,-3.52,-3.52,-3.51
143.44,-1.25,2.28,-1.25,2.28,-2.29,-2.28,-2.45,-3.54,-3.54,-3.53
144.87,-1.27,2.29,-1.28,2.28,-2.29,-2.29,-2.43,-3.56,-3.56,-3.56
146.32,-1.29,2.29,-1.29,2.29,-2.29,-2.30,-2.42,-3.58,-3.58,-3.59
147.78,-1.32,2.28,-1.32,2.29,-2.29,-2.31,-2.40,-3.61,-3.61,-3.60
149.26,-1.33,2.29,-1.34,2.29,-2.29,-2.33,-2.39,-3.63,-3.63,-3.63
150.75,-1.37,2.29,-1.36,2.29,-2.29,-2.34,-2.37,-3.67,-3.66,-3.66
152.26,-1.37,2.31,-1.38,2.31,-2.30,-2.36,-2.36,-3.67,-3.68,-3.69
153.78,-1.41,2.30,-1.41,2.31,-2.30,-2.38,-2.34,-3.72,-3.71,-3.71
155.32,-1.41,2.33,-1.42,2.31,-2.31,-2.39,-2.33,-3.72,-3.73,-3.74
156.88,-1.46,2.30,-1.45,2.32,-2.32,-2.41,-2.32,-3.78,-3.77,-3.77
158.44,-1.46,2.33,-1.48,2.32,-2.33,-2.42,-2.31,-3.79,-3.80,-3.80
160.03,-1.50,2.33,-1.50,2.33,-2.34,-2.44,-2.30,-3.84,-3.84,-3.83
161.63,-1.51,2.35,-1.51,2.35,-2.36,-2.46,-2.29,-3.87,-3.86,-3.86
163.24,-1.51,2.38,-1.52,2.37,-2.37,-2.47,-2.29,-3.89,-3.89,-3.89
164.88,-1.51,2.40,-1.51,2.40,-2.39,-2.49,-2.28,-3.91,-3.91,-3.91
166.53,-1.51,2.43,-1.52,2.42,-2.42,-2.50,-2.28,-3.93,-3.94,-3.94
168.19,-1.51,2.45,-1.52,2.45,-2.45,-2.52,-2.28,-3.96,-3.97,-3.97
169.87,-1.53,2.46,-1.52,2.48,-2.48,-2.53,-2.28,-4.01,-4.00,-4.00
171.57,-1.51,2.51,-1.52,2.50,-2.51,-2.55,-2.28,-4.02,-4.03,-4.02
173.29,-1.51,2.54,-1.52,2.53,-2.54,-2.56,-2.29,-4.05,-4.05,-4.05
175.02,-1.51,2.56,-1.51,2.57,-2.57,-2.57,-2.29,-4.08,-4.08,-4.08
176.77,-1.51,2.60,-1.51,2.60,-2.60,-2.59,-2.30,-4.11,-4.11,-4.11
178.54,-1.51,2.64,-1.51,2.63,-2.63,-2.60,-2.31,-4.14,-4.14,-4.15
180.32,-1.51,2.66,-1.51,2.66,-2.66,-2.61,-2.32,-4.17,-4.17,-4.18
182.13,-1.51,2.69,-1.51,2.69,-2.69,-2.62,-2.33,-4.20,-4.20,-4.20
183.95,-1.51,2.72,-1.51,2.72,-2.72,-2.63,-2.34,-4.23,-4.23,-4.23
185.79,-1.51,2.74,-1.51,2.75,-2.75,-2.64,-2.36,-4.26,-4.26,-4.26
187.65,-1.51,2.78,-1.51,2.78,-2.77,-2.65,-2.38,-4.29,-4.29,-4.29
189.52,-1.51,2.80,-1.51,2.80,-2.80,-2.66,-2.40,-4.32,-4.32,-4.31
191.42,-1.51,2.82,-1.51,2.82,-2.83,-2.67,-2.42,-4.34,-4.34,-4.34
193.33,-1.51,2.85,-1.51,2.84,-2.85,-2.68,-2.44,-4.37,-4.37,-4.36
195.27,-1.51,2.87,-1.51,2.87,-2.87,-2.69,-2.46,-4.39,-4.39,-4.38
197.22,-1.51,2.89,-1.51,2.90,-2.89,-2.70,-2.49,-4.40,-4.40,-4.40
199.19,-1.51,2.92,-1.52,2.91,-2.90,-2.70,-2.52,-4.42,-4.42,-4.43
201.18,-1.51,2.93,-1.53,2.92,-2.92,-2.71,-2.54,-4.43,-4.44,-4.45
203.19,-1.55,2.90,-1.54,2.92,-2.92,-2.72,-2.57,-4.48,-4.46,-4.46
205.23,-1.55,2.92,-1.55,2.92,-2.93,-2.72,-2.60,-4.48,-4.48,-4.48
207.28,-1.55,2.92,-1.56,2.92,-2.92,-2.73,-2.63,-4.48,-4.49,-4.48
209.35,-1.57,2.92,-1.57,2.92,-2.92,-2.73,-2.66,-4.49,-4.49,-4.50
211.44,-1.60,2.91,-1.60,2.91,-2.91,-2.73,-2.69,-4.51,-4.50,-4.51
213.56,-1.61,2.90,-1.62,2.89,-2.89,-2.74,-2.72,-4.51,-4.51,-4.51
215.69,-1.65,2.86,-1.65,2.87,-2.87,-2.74,-2.75,-4.53,-4.52,-4.51
217.85,-1.67,2.85,-1.68,2.85,-2.85,-2.74,-2.78,-4.52,-4.52,-4.52
220.03,-1.70,2.82,-1.71,2.82,-2.82,-2.75,-2.81,-4.52,-4.53,-4.53
222.23,-1.74,2.79,-1.74,2.79,-2.78,-2.75,-2.83,-4.53,-4.52,-4.54
224.45,-1.77,2.75,-1.78,2.75,-2.74,-2.75,-2.86,-4.52,-4.52,-4.52
226.70,-1.82,2.70,-1.82,2.70,-2.70,-2.75,-2.88,-4.52,-4.52,-4.52
228.96,-1.86,2.65,-1.86,2.65,-2.65,-2.75,-2.91,-4.51,-4.51,-4.52
231.25,-1.91,2.59,-1.91,2.59,-2.59,-2.75,-2.93,-4.51,-4.51,-4.50
233.57,-1.96,2.54,-1.97,2.53,-2.54,-2.76,-2.95,-4.50,-4.50,-4.50
235.90,-2.02,2.47,-2.02,2.48,-2.47,-2.76,-2.97,-4.50,-4.50,-4.50
238.26,-2.07,2.42,-2.07,2.42,-2.41,-2.75,-2.98,-4.49,-4.49,-4.49
240.64,-2.11,2.36,-2.12,2.36,-2.36,-2.75,-2.99,-4.47,-4.48,-4.48
243.05,-2.16,2.30,-2.16,2.30,-2.30,-2.75,-3.00,-4.47,-4.47,-4.46
245.48,-2.20,2.25,-2.20,2.25,-2.25,-2.75,-3.01,-4.46,-4.46,-4.45
247.93,-2.24,2.19,-2.24,2.20,-2.21,-2.75,-3.01,-4.45,-4.44,-4.44
250.41,-2.25,2.18,-2.26,2.17,-2.17,-2.75,-3.01,-4.42,-4.43,-4.43
252.92,-2.26,2.14,-2.26,2.14,-2.14,-2.75,-3.01,-4.40,-4.40,-4.41
255.45,-2.26,2.12,-2.27,2.12,-2.12,-2.74,-3.00,-4.38,-4.39,-4.38
258.00,-2.25,2.11,-2.26,2.10,-2.11,-2.74,-3.00,-4.36,-4.37,-4.36
260.58,-2.25,2.09,-2.24,2.11,-2.11,-2.74,-2.98,-4.36,-4.35,-4.35
263.19,-2.20,2.12,-2.21,2.12,-2.12,-2.74,-2.97,-4.32,-4.33,-4.32
265.82,-2.16,2.14,-2.17,2.13,-2.14,-2.73,-2.95,-4.30,-4.31,-4.31
268.48,-2.12,2.16,-2.12,2.16,-2.16,-2.73,-2.93,-4.29,-4.28,-4.28
271.16,-2.06,2.19,-2.07,2.19,-2.19,-2.72,-2.91,-4.26,-4.26,-4.25
273.87,-2.00,2.23,-2.00,2.23,-2.23,-2.72,-2.89,-4.24,-4.24,-4.24
276.61,-1.94,2.27,-1.94,2.28,-2.28,-2.72,-2.86,-4.22,-4.21,-4.21
279.38,-1.86,2.33,-1.87,2.32,-2.32,-2.71,-2.83,-4.19,-4.20,-4.20
282.17,-1.81,2.36,-1.81,2.37,-2.37,-2.71,-2.80,-4.18,-4.18,-4.18
284.99,-1.73,2.42,-1.73,2.42,-2.42,-2.70,-2.77,-4.15,-4.15,-4.15
287.84,-1.66,2.47,-1.66,2.47,-2.47,-2.69,-2.74,-4.13,-4.13,-4.13
290.72,-1.58,2.52,-1.59,2.52,-2.52,-2.69,-2.71,-4.10,-4.11,-4.11
293.63,-1.52,2.57,-1.52,2.57,-2.56,-2.68,-2.68,-4.09,-4.09,-4.09
296.57,-1.45,2.61,-1.46,2.61,-2.61,-2.68,-2.65,-4.06,-4.07,-4.06
299.53,-1.39,2.65,-1.39,2.65,-2.65,-2.67,-2.62,-4.05,-4.05,-4.05
302.53,-1.33,2.69,-1.33,2.69,-2.69,-2.66,-2.59,-4.03,-4.02,-4.03
305.55,-1.26,2.73,-1.27,2.73,-2.73,-2.65,-2.55,-3.99,-4.00,-3.99
308.61,-1.20,2.77,-1.20,2.77,-2.76,-2.65,-2.52,-3.97,-3.97,-3.97
311.69,-1.14,2.80,-1.14,2.80,-2.80,-2.64,-2.50,-3.94,-3.94,-3.95
314.81,-1.08,2.82,-1.09,2.83,-2.82,-2.63,-2.47,-3.91,-3.91,-3.91
317.96,-1.04,2.85,-1.04,2.85,-2.85,-2.62,-2.44,-3.90,-3.89,-3.89
321.14,-0.99,2.88,-1.00,2.87,-2.87,-2.62,-2.41,-3.87,-3.87,-3.87
324.35,-0.96,2.89,-0.95,2.90,-2.90,-2.61,-2.39,-3.86,-3.85,-3.85
327.59,-0.90,2.92,-0.91,2.92,-2.92,-2.60,-2.36,-3.82,-3.83,-3.83
330.87,-0.87,2.93,-0.87,2.93,-2.93,-2.59,-2.34,-3.81,-3.81,-3.81
334.18,-0.83,2.96,-0.84,2.95,-2.95,-2.58,-2.32,-3.79,-3.79,-3.79
337.52,-0.81,2.96,-0.80,2.97,-2.97,-2.57,-2.30,-3.78,-3.77,-3.77
340.90,-0.76,2.98,-0.77,2.98,-2.98,-2.56,-2.28,-3.74,-3.75,-3.74
344.30,-0.72,3.00,-0.73,2.99,-2.99,-2.55,-2.27,-3.71,-3.72,-3.72
347.75,-0.71,2.99,-0.71,3.00,-3.00,-2.54,-2.25,-3.71,-3.70,-3.71
351.23,-0.67,3.01,-0.68,3.01,-3.01,-2.53,-2.24,-3.68,-3.69,-3.69
354.74,-0.67,2.99,-0.66,3.01,-3.01,-2.52,-2.23,-3.69,-3.67,-3.67
358.28,-0.62,3.03,-0.64,3.01,-3.01,-2.51,-2.22,-3.64,-3.65,-3.65
361.87,-0.62,3.01,-0.62,3.02,-3.02,-2.50,-2.21,-3.64,-3.63,-3.63
365.49,-0.59,3.02,-0.59,3.02,-3.02,-2.48,-2.21,-3.61,-3.61,-3.61
369.14,-0.57,3.03,-0.58,3.02,-3.02,-2.47,-2.20,-3.59,-3.60,-3.60
372.83,-0.57,3.01,-0.57,3.01,-3.01,-2.46,-2.20,-3.59,-3.59,-3.58
376.56,-0.57,3.00,-0.56,3.01,-3.01,-2.45,-2.20,-3.59,-3.58,-3.58
380.33,-0.55,2.99,-0.55,3.00,-3.01,-2.43,-2.20,-3.56,-3.56,-3.55
384.13,-0.53,3.00,-0.54,3.00,-3.00,-2.42,-2.21,-3.53,-3.54,-3.54
387.97,-0.53,3.00,-0.53,2.99,-2.99,-2.41,-2.21,-3.52,-3.52,-3.53
391.85,-0.53,2.99,-0.53,2.99,-2.97,-2.40,-2.21,-3.51,-3.50,-3.52
395.77,-0.53,2.97,-0.54,2.97,-2.96,-2.38,-2.22,-3.49,-3.50,-3.50
399.73,-0.54,2.95,-0.55,2.94,-2.94,-2.37,-2.23,-3.49,-3.49,-3.49
403.72,-0.57,2.91,-0.56,2.92,-2.93,-2.35,-2.24,-3.50,-3.49,-3.48
407.76,-0.57,2.90,-0.57,2.90,-2.91,-2.34,-2.25,-3.48,-3.48,-3.47
411.84,-0.57,2.88,-0.58,2.88,-2.89,-2.32,-2.26,-3.46,-3.47,-3.45
415.96,-0.57,2.87,-0.57,2.88,-2.87,-2.31,-2.27,-3.44,-3.44,-3.45
420.12,-0.57,2.86,-0.58,2.86,-2.85,-2.29,-2.28,-3.43,-3.43,-3.44
424.32,-0.57,2.85,-0.59,2.84,-2.83,-2.28,-2.29,-3.41,-3.42,-3.43
428.56,-0.62,2.79,-0.61,2.81,-2.81,-2.26,-2.31,-3.44,-3.42,-3.42
432.85,-0.62,2.78,-0.62,2.79,-2.79,-2.25,-2.32,-3.41,-3.41,-3.41
437.18,-0.62,2.77,-0.63,2.76,-2.77,-2.23,-2.33,-3.39,-3.40,-3.40
441.55,-0.62,2.76,-0.64,2.75,-2.74,-2.21,-2.35,-3.36,-3.38,-3.38
445.96,-0.67,2.70,-0.66,2.71,-2.71,-2.20,-2.36,-3.38,-3.37,-3.37
450.42,-0.67,2.69,-0.68,2.67,-2.68,-2.18,-2.37,-3.35,-3.36,-3.36
454.93,-0.71,2.63,-0.70,2.64,-2.65,-2.16,-2.38,-3.36,-3.35,-3.34
459.48,-0.71,2.62,-0.71,2.61,-2.61,-2.15,-2.39,-3.33,-3.33,-3.33
464.07,-0.71,2.60,-0.73,2.58,-2.58,-2.13,-2.40,-3.29,-3.31,-3.31
468.71,-0.76,2.53,-0.75,2.55,-2.54,-2.11,-2.40,-3.31,-3.29,-3.29
473.40,-0.76,2.52,-0.77,2.51,-2.50,-2.09,-2.41,-3.27,-3.28,-3.28
478.13,-0.81,2.45,-0.80,2.46,-2.47,-2.07,-2.41,-3.28,-3.27,-3.26
482.91,-0.81,2.44,-0.82,2.43,-2.43,-2.06,-2.41,-3.24,-3.25,-3.25
487.74,-0.85,2.38,-0.85,2.38,-2.39,-2.04,-2.41,-3.24,-3.24,-3.23
492.62,-0.87,2.34,-0.87,2.34,-2.34,-2.02,-2.41,-3.22,-3.22,-3.21
497.55,-0.90,2.30,-0.91,2.30,-2.30,-2.00,-2.41,-3.20,-3.20,-3.21
502.52,-0.93,2.25,-0.93,2.26,-2.25,-1.98,-2.40,-3.19,-3.18,-3.19
507.55,-0.96,2.21,-0.96,2.21,-2.20,-1.96,-2.39,-3.17,-3.17,-3.18
512.62,-0.99,2.16,-0.99,2.16,-2.16,-1.94,-2.38,-3.15,-3.15,-3.16
517.75,-1.02,2.11,-1.03,2.11,-2.11,-1.92,-2.37,-3.14,-3.14,-3.14
522.93,-1.06,2.05,-1.06,2.06,-2.06,-1.90,-2.36,-3.13,-3.12,-3.12
528.16,-1.09,2.01,-1.09,2.01,-2.02,-1.88,-2.34,-3.11,-3.11,-3.11
533.44,-1.10,1.98,-1.11,1.98,-1.98,-1.86,-2.33,-3.08,-3.08,-3.09
538.77,-1.13,1.93,-1.13,1.94,-1.93,-1.84,-2.31,-3.07,-3.06,-3.07
544.16,-1.13,1.91,-1.15,1.90,-1.90,-1.82,-2.29,-3.03,-3.05,-3.05
549.60,-1.18,1.84,-1.17,1.86,-1.87,-1.79,-2.26,-3.05,-3.04,-3.03
555.10,-1.18,1.83,-1.18,1.83,-1.84,-1.77,-2.24,-3.02,-3.02,-3.02
560.65,-1.18,1.82,-1.19,1.81,-1.82,-1.75,-2.22,-3.00,-3.00,-3.00
566.25,-1.18,1.80,-1.18,1.80,-1.79,-1.73,-2.19,-2.98,-2.98,-2.98
571.92,-1.18,1.79,-1.18,1.79,-1.78,-1.71,-2.17,-2.96,-2.96,-2.97
577.64,-1.18,1.78,-1.18,1.77,-1.76,-1.68,-2.14,-2.95,-2.95,-2.96
583.41,-1.18,1.76,-1.19,1.75,-1.75,-1.66,-2.12,-2.94,-2.94,-2.94
589.25,-1.18,1.74,-1.18,1.74,-1.75,-1.64,-2.09,-2.93,-2.93,-2.92
595.14,-1.18,1.72,-1.17,1.73,-1.74,-1.62,-2.07,-2.93,-2.91,-2.90
601.09,-1.13,1.76,-1.15,1.74,-1.74,-1.60,-2.04,-2.88,-2.89,-2.89
607.10,-1.12,1.75,-1.12,1.75,-1.75,-1.57,-2.02,-2.87,-2.87,-2.87
613.17,-1.09,1.76,-1.09,1.76,-1.76,-1.55,-1.99,-2.85,-2.85,-2.85
619.30,-1.05,1.78,-1.06,1.77,-1.77,-1.53,-1.97,-2.83,-2.83,-2.83
625.50,-1.02,1.79,-1.02,1.79,-1.79,-1.50,-1.95,-2.81,-2.81,-2.81
631.75,-0.99,1.81,-0.99,1.81,-1.81,-1.48,-1.93,-2.80,-2.80,-2.80
638.07,-0.95,1.83,-0.95,1.83,-1.83,-1.46,-1.91,-2.78,-2.79,-2.78
644.45,-0.91,1.86,-0.91,1.86,-1.85,-1.44,-1.89,-2.77,-2.77,-2.77
650.89,-0.87,1.88,-0.87,1.88,-1.88,-1.41,-1.87,-2.75,-2.76,-2.75
657.40,-0.83,1.91,-0.83,1.91,-1.91,-1.39,-1.85,-2.74,-2.74,-2.74
663.98,-0.79,1.93,-0.79,1.94,-1.94,-1.37,-1.83,-2.73,-2.73,-2.72
670.62,-0.74,1.97,-0.75,1.97,-1.97,-1.35,-1.82,-2.72,-2.72,-2.71
677.32,-0.70,2.00,-0.71,2.00,-2.01,-1.33,-1.81,-2.71,-2.71,-2.70
684.10,-0.67,2.02,-0.67,2.02,-2.04,-1.30,-1.79,-2.71,-2.70,-2.69
690.94,-0.62,2.05,-0.63,2.05,-2.06,-1.28,-1.78,-2.69,-2.69,-2.67
697.85,-0.60,2.06,-0.60,2.07,-2.07,-1.26,-1.77,-2.68,-2.67,-2.66
704.83,-0.57,2.08,-0.58,2.07,-2.07,-1.24,-1.77,-2.64,-2.65,-2.65
711.87,-0.58,2.06,-0.59,2.05,-2.04,-1.22,-1.76,-2.62,-2.63,-2.64
718.99,-0.63,2.00,-0.63,2.01,-1.98,-1.20,-1.76,-2.62,-2.61,-2.63
726.18,-0.70,1.92,-0.71,1.92,-1.89,-1.18,-1.75,-2.59,-2.59,-2.62
733.44,-0.81,1.80,-0.82,1.79,-1.75,-1.17,-1.75,-2.57,-2.58,-2.61
740.78,-0.98,1.61,-0.98,1.62,-1.59,-1.15,-1.75,-2.57,-2.56,-2.59
748.19,-1.16,1.42,-1.17,1.41,-1.38,-1.13,-1.75,-2.55,-2.56,-2.58
755.67,-1.40,1.18,-1.40,1.18,-1.16,-1.12,-1.75,-2.56,-2.56,-2.58
763.23,-1.65,0.92,-1.65,0.92,-0.91,-1.10,-1.76,-2.57,-2.57,-2.57
770.86,-1.91,0.65,-1.91,0.65,-0.67,-1.09,-1.76,-2.58,-2.58,-2.56
778.57,-2.15,0.40,-2.15,0.40,-0.43,-1.08,-1.76,-2.59,-2.58,-2.55
786.35,-2.36,0.18,-2.36,0.18,-0.22,-1.07,-1.77,-2.58,-2.58,-2.54
794.22,-2.54,0.00,-2.54,-0.00,-0.02,-1.06,-1.78,-2.57,-2.57,-2.54
802.16,-2.68,-0.15,-2.69,-0.15,0.13,-1.05,-1.79,-2.55,-2.55,-2.53
810.18,-2.79,-0.27,-2.80,-0.27,0.26,-1.04,-1.79,-2.54,-2.54,-2.52
818.28,-2.87,-0.35,-2.87,-0.35,0.34,-1.04,-1.80,-2.53,-2.52,-2.52
826.46,-2.90,-0.39,-2.90,-0.39,0.39,-1.04,-1.81,-2.51,-2.51,-2.51
834.73,-2.90,-0.39,-2.91,-0.40,0.40,-1.04,-1.82,-2.50,-2.51,-2.51
843.08,-2.88,-0.38,-2.88,-0.38,0.38,-1.04,-1.83,-2.51,-2.51,-2.50
851.51,-2.83,-0.33,-2.83,-0.33,0.31,-1.05,-1.83,-2.52,-2.52,-2.50
860.02,-2.73,-0.24,-2.74,-0.24,0.22,-1.05,-1.84,-2.51,-2.52,-2.49
868.62,-2.61,-0.12,-2.60,-0.11,0.09,-1.07,-1.85,-2.52,-2.51,-2.49
877.31,-2.43,0.05,-2.43,0.05,-0.06,-1.08,-1.85,-2.49,-2.50,-2.48
886.08,-2.23,0.24,-2.24,0.23,-0.24,-1.10,-1.86,-2.47,-2.48,-2.48
894.94,-2.03,0.43,-2.03,0.44,-0.44,-1.13,-1.86,-2.47,-2.47,-2.47
903.89,-1.81,0.65,-1.81,0.65,-0.65,-1.16,-1.86,-2.46,-2.46,-2.47
912.93,-1.58,0.87,-1.59,0.87,-0.86,-1.19,-1.86,-2.44,-2.45,-2.46
922.06,-1.36,1.08,-1.36,1.09,-1.07,-1.23,-1.85,-2.44,-2.43,-2.45
931.28,-1.14,1.30,-1.15,1.30,-1.28,-1.27,-1.85,-2.42,-2.43,-2.45
940.59,-0.93,1.50,-0.95,1.49,-1.48,-1.33,-1.83,-2.41,-2.42,-2.44
950.00,-0.77,1.65,-0.76,1.67,-1.66,-1.38,-1.82,-2.43,-2.42,-2.43
959.50,-0.58,1.83,-0.59,1.83,-1.83,-1.44,-1.81,-2.41,-2.41,-2.42
969.09,-0.42,1.97,-0.42,1.98,-1.98,-1.51,-1.79,-2.40,-2.40,-2.40
978.78,-0.26,2.12,-0.27,2.12,-2.11,-1.59,-1.76,-2.38,-2.38,-2.39
988.57,-0.14,2.23,-0.14,2.23,-2.23,-1.67,-1.74,-2.37,-2.37,-2.38
998.46,-0.01,2.34,-0.02,2.34,-2.33,-1.75,-1.70,-2.34,-2.35,-2.36
1008.44,0.08,2.41,0.08,2.42,-2.42,-1.84,-1.67,-2.34,-2.33,-2.34
1018.53,0.18,2.49,0.17,2.48,-2.48,-1.94,-1.63,-2.31,-2.32,-2.32
1028.71,0.24,2.53,0.24,2.53,-2.54,-2.03,-1.59,-2.30,-2.30,-2.30
1039.00,0.29,2.56,0.29,2.57,-2.57,-2.13,-1.54,-2.29,-2.28,-2.28
1049.39,0.34,2.59,0.33,2.59,-2.59,-2.23,-1.49,-2.26,-2.26,-2.26
1059.88,0.36,2.59,0.37,2.60,-2.60,-2.31,-1.44,-2.24,-2.23,-2.24
1070.48,0.40,2.60,0.38,2.59,-2.59,-2.40,-1.38,-2.19,-2.20,-2.21
1081.19,0.40,2.57,0.39,2.56,-2.56,-2.46,-1.32,-2.16,-2.17,-2.18
1092.00,0.36,2.50,0.38,2.52,-2.52,-2.52,-1.26,-2.16,-2.14,-2.15
1102.92,0.36,2.47,0.34,2.46,-2.46,-2.54,-1.19,-2.10,-2.11,-2.12
1113.95,0.31,2.39,0.30,2.39,-2.39,-2.56,-1.12,-2.08,-2.08,-2.09
1125.09,0.25,2.29,0.26,2.30,-2.30,-2.53,-1.05,-2.05,-2.05,-2.05
1136.34,0.20,2.20,0.20,2.20,-2.20,-2.49,-0.97,-2.01,-2.01,-2.01
1147.70,0.14,2.09,0.13,2.09,-2.10,-2.41,-0.89,-1.96,-1.96,-1.96
1159.18,0.07,1.98,0.07,1.98,-1.98,-2.32,-0.82,-1.91,-1.91,-1.92
1170.77,-0.01,1.86,-0.01,1.86,-1.86,-2.19,-0.73,-1.87,-1.87,-1.88
1182.48,-0.09,1.73,-0.09,1.73,-1.73,-2.06,-0.65,-1.82,-1.82,-1.83
1194.30,-0.18,1.59,-0.18,1.60,-1.60,-1.89,-0.56,-1.78,-1.78,-1.78
1206.25,-0.25,1.47,-0.26,1.46,-1.47,-1.72,-0.48,-1.72,-1.73,-1.73
1218.31,-0.35,1.31,-0.35,1.33,-1.33,-1.53,-0.39,-1.68,-1.68,-1.67
1230.49,-0.42,1.19,-0.43,1.19,-1.19,-1.34,-0.30,-1.62,-1.62,-1.62
1242.80,-0.50,1.06,-0.51,1.06,-1.06,-1.14,-0.21,-1.56,-1.57,-1.57
1255.22,-0.58,0.92,-0.58,0.92,-0.92,-0.95,-0.12,-1.51,-1.51,-1.51
1267.78,-0.66,0.78,-0.66,0.79,-0.79,-0.75,-0.02,-1.45,-1.45,-1.45
1280.45,-0.73,0.65,-0.73,0.65,-0.65,-0.56,0.07,-1.39,-1.38,-1.39
1293.26,-0.79,0.52,-0.80,0.52,-0.52,-0.37,0.17,-1.31,-1.32,-1.32
1306.19,-0.87,0.38,-0.87,0.38,-0.38,-0.19,0.26,-1.26,-1.25,-1.26
1319.25,-0.94,0.24,-0.94,0.24,-0.24,-0.02,0.36,-1.19,-1.19,-1.19
1332.45,-1.00,0.11,-1.01,0.11,-0.11,0.15,0.46,-1.11,-1.12,-1.12
1345.77,-1.08,-0.04,-1.07,-0.03,0.03,0.31,0.56,-1.05,-1.04,-1.05
1359.23,-1.13,-0.16,-1.14,-0.17,0.17,0.47,0.66,-0.96,-0.97,-0.98
1372.82,-1.21,-0.32,-1.21,-0.31,0.31,0.62,0.76,-0.90,-0.90,-0.90
1386.55,-1.28,-0.46,-1.28,-0.45,0.45,0.77,0.86,-0.83,-0.83,-0.83
1400.41,-1.34,-0.59,-1.34,-0.59,0.59,0.90,0.96,-0.75,-0.76,-0.76
1414.42,-1.40,-0.72,-1.41,-0.73,0.72,1.04,1.06,-0.68,-0.69,-0.69
1428.56,-1.46,-0.86,-1.47,-0.86,0.85,1.16,1.17,-0.61,-0.62,-0.61
1442.85,-1.53,-1.00,-1.52,-0.98,0.97,1.28,1.27,-0.56,-0.55,-0.54
1457.28,-1.56,-1.10,-1.57,-1.10,1.09,1.40,1.38,-0.47,-0.48,-0.47
1471.85,-1.60,-1.21,-1.61,-1.21,1.21,1.51,1.48,-0.39,-0.40,-0.40
1486.57,-1.64,-1.32,-1.64,-1.32,1.33,1.61,1.59,-0.32,-0.31,-0.33
1501.43,-1.67,-1.43,-1.68,-1.43,1.44,1.72,1.70,-0.23,-0.24,-0.25
1516.45,-1.71,-1.56,-1.71,-1.55,1.56,1.82,1.81,-0.16,-0.15,-0.16
1531.61,-1.74,-1.67,-1.74,-1.67,1.67,1.91,1.92,-0.07,-0.07,-0.08
1546.93,-1.77,-1.79,-1.77,-1.79,1.79,2.00,2.03,0.02,0.02,0.01
1562.40,-1.80,-1.91,-1.80,-1.91,1.91,2.09,2.14,0.11,0.10,0.10
1578.02,-1.83,-2.03,-1.84,-2.03,2.03,2.18,2.25,0.19,0.19,0.19
1593.80,-1.86,-2.14,-1.86,-2.14,2.14,2.26,2.36,0.28,0.28,0.27
1609.74,-1.88,-2.26,-1.88,-2.25,2.25,2.34,2.47,0.36,0.37,0.37
1625.84,-1.88,-2.36,-1.89,-2.36,2.35,2.42,2.58,0.46,0.46,0.47
1642.10,-1.88,-2.46,-1.88,-2.46,2.44,2.50,2.69,0.56,0.56,0.57
1658.52,-1.86,-2.55,-1.86,-2.54,2.53,2.57,2.80,0.67,0.67,0.68
1675.10,-1.83,-2.62,-1.84,-2.62,2.62,2.64,2.91,0.79,0.78,0.78
1691.85,-1.80,-2.69,-1.81,-2.70,2.71,2.71,3.02,0.90,0.90,0.88
1708.77,-1.79,-2.79,-1.78,-2.78,2.79,2.78,3.12,1.00,1.01,0.99
1725.86,-1.76,-2.87,-1.77,-2.87,2.88,2.84,3.23,1.12,1.11,1.10
1743.12,-1.74,-2.97,-1.75,-2.97,2.97,2.91,3.33,1.23,1.22,1.22
1760.55,-1.74,-3.08,-1.73,-3.06,3.06,2.97,3.43,1.32,1.33,1.33
1778.15,-1.69,-3.15,-1.71,-3.16,3.16,3.03,3.53,1.46,1.45,1.45
1795.94,-1.69,-3.26,-1.69,-3.25,3.25,3.09,3.62,1.56,1.56,1.56
1813.90,-1.65,-3.34,-1.66,-3.35,3.35,3.14,3.71,1.69,1.68,1.68
1832.03,-1.65,-3.46,-1.64,-3.45,3.44,3.20,3.80,1.78,1.80,1.80
1850.36,-1.60,-3.54,-1.60,-3.53,3.53,3.25,3.87,1.92,1.92,1.93
1868.86,-1.56,-3.62,-1.57,-3.62,3.62,3.31,3.95,2.05,2.05,2.05
1887.55,-1.53,-3.71,-1.53,-3.71,3.71,3.36,4.02,2.18,2.18,2.17
1906.42,-1.50,-3.80,-1.50,-3.79,3.80,3.41,4.08,2.30,2.31,2.29
1925.49,-1.46,-3.89,-1.46,-3.89,3.90,3.45,4.14,2.43,2.44,2.42
1944.74,-1.41,-3.97,-1.42,-3.98,3.99,3.50,4.19,2.58,2.57,2.55
1964.19,-1.40,-4.09,-1.40,-4.08,4.09,3.55,4.23,2.68,2.69,2.68
1983.83,-1.37,-4.18,-1.38,-4.18,4.18,3.59,4.27,2.81,2.80,2.80
2003.67,-1.37,-4.31,-1.36,-4.29,4.27,3.63,4.30,2.90,2.91,2.93
2023.71,-1.32,-4.36,-1.34,-4.38,4.37,3.67,4.32,3.04,3.03,3.03
2043.94,-1.32,-4.47,-1.31,-4.46,4.45,3.71,4.33,3.13,3.14,3.14
2064.38,-1.27,-4.53,-1.28,-4.53,4.53,3.75,4.34,3.26,3.25,3.25
2085.03,-1.24,-4.60,-1.25,-4.60,4.61,3.79,4.34,3.36,3.36,3.35
2105.88,-1.21,-4.68,-1.21,-4.67,4.67,3.82,4.34,3.46,3.46,3.46
2126.94,-1.16,-4.73,-1.17,-4.73,4.73,3.85,4.33,3.56,3.56,3.56
2148.20,-1.11,-4.79,-1.12,-4.79,4.78,3.88,4.31,3.66,3.66,3.67
2169.69,-1.06,-4.84,-1.06,-4.83,4.83,3.91,4.29,3.76,3.77,3.77
2191.38,-0.99,-4.87,-0.99,-4.87,4.87,3.94,4.27,3.88,3.88,3.87
2213.30,-0.91,-4.89,-0.92,-4.90,4.91,3.97,4.23,4.00,3.99,3.97
2235.43,-0.86,-4.95,-0.85,-4.93,4.95,3.99,4.20,4.09,4.10,4.08
2257.78,-0.78,-4.97,-0.79,-4.97,4.99,4.02,4.16,4.20,4.20,4.18
2280.36,-0.72,-5.00,-0.73,-5.00,5.02,4.04,4.13,4.29,4.29,4.27
2303.17,-0.66,-5.04,-0.66,-5.03,5.04,4.06,4.08,4.37,4.38,4.37
2326.20,-0.57,-5.05,-0.58,-5.06,5.05,4.07,4.04,4.47,4.46,4.47
2349.46,-0.50,-5.08,-0.49,-5.06,5.04,4.09,3.99,4.54,4.55,4.57
2372.95,-0.38,-5.04,-0.38,-5.04,5.02,4.10,3.95,4.63,4.63,4.65
2396.68,-0.25,-4.99,-0.26,-4.99,4.97,4.11,3.90,4.72,4.72,4.73
2420.65,-0.11,-4.92,-0.11,-4.91,4.91,4.12,3.86,4.79,4.80,4.80
2444.86,0.06,-4.83,0.05,-4.83,4.82,4.12,3.81,4.88,4.87,4.88
2469.31,0.24,-4.72,0.23,-4.73,4.72,4.12,3.77,4.95,4.95,4.95
2494.00,0.42,-4.62,0.43,-4.60,4.60,4.12,3.73,5.02,5.03,5.03
2518.94,0.63,-4.48,0.63,-4.47,4.47,4.11,3.68,5.10,5.10,5.10
2544.13,0.85,-4.32,0.83,-4.34,4.35,4.10,3.64,5.19,5.18,5.16
2569.57,1.02,-4.21,1.03,-4.20,4.22,4.09,3.61,5.24,5.25,5.22
2595.27,1.22,-4.08,1.21,-4.08,4.09,4.07,3.57,5.31,5.31,5.29
2621.22,1.39,-3.97,1.39,-3.97,3.97,4.04,3.53,5.36,5.36,5.35
2647.43,1.56,-3.86,1.56,-3.86,3.86,4.01,3.50,5.41,5.41,5.41
2673.90,1.72,-3.76,1.72,-3.75,3.75,3.98,3.47,5.47,5.47,5.47
2700.64,1.88,-3.65,1.88,-3.65,3.65,3.94,3.45,5.52,5.52,5.52
2727.65,2.04,-3.55,2.03,-3.55,3.55,3.89,3.42,5.58,5.58,5.58
2754.93,2.18,-3.46,2.18,-3.45,3.45,3.83,3.40,5.63,5.63,5.63
2782.48,2.32,-3.37,2.32,-3.37,3.36,3.76,3.38,5.67,5.67,5.68
2810.30,2.46,-3.28,2.45,-3.28,3.27,3.69,3.37,5.72,5.72,5.73
2838.40,2.58,-3.20,2.58,-3.19,3.19,3.61,3.35,5.76,5.77,5.77
2866.79,2.71,-3.10,2.70,-3.11,3.11,3.53,3.34,5.82,5.81,5.80
2895.46,2.80,-3.05,2.80,-3.04,3.05,3.44,3.34,5.85,5.85,5.84
2924.41,2.89,-2.99,2.88,-2.99,3.00,3.35,3.33,5.89,5.88,5.87
2953.65,2.95,-2.96,2.95,-2.96,2.97,3.26,3.33,5.91,5.92,5.90
2983.19,3.00,-2.95,3.00,-2.94,2.94,3.19,3.33,5.94,5.94,5.94
3013.02,3.06,-2.92,3.04,-2.93,2.93,3.13,3.34,5.99,5.97,5.97
3043.15,3.06,-2.96,3.07,-2.94,2.93,3.09,3.35,5.99,6.01,6.01
3073.58,3.11,-2.94,3.10,-2.95,2.94,3.08,3.36,6.05,6.04,6.04
3104.32,3.11,-2.98,3.11,-2.98,2.96,3.10,3.37,6.07,6.07,6.08
3135.36,3.11,-3.01,3.11,-3.00,2.99,3.14,3.38,6.10,6.10,6.11
3166.72,3.11,-3.04,3.10,-3.04,3.03,3.21,3.40,6.14,6.12,6.14
3198.38,3.07,-3.09,3.07,-3.08,3.08,3.30,3.42,6.15,6.15,6.15
3230.37,3.03,-3.15,3.03,-3.14,3.15,3.41,3.44,6.17,6.18,6.17
3262.67,2.98,-3.21,2.97,-3.22,3.23,3.52,3.46,6.21,6.20,6.18
3295.30,2.89,-3.32,2.88,-3.32,3.34,3.64,3.48,6.22,6.22,6.20
3328.25,2.77,-3.45,2.77,-3.45,3.47,3.77,3.51,6.23,6.23,6.21
3361.53,2.62,-3.61,2.62,-3.60,3.62,3.89,3.53,6.24,6.24,6.22
3395.15,2.45,-3.78,2.45,-3.78,3.79,4.01,3.56,6.24,6.24,6.22
3429.10,2.26,-3.97,2.25,-3.97,3.99,4.13,3.59,6.24,6.24,6.22
3463.39,2.04,-4.18,2.04,-4.18,4.19,4.25,3.61,6.23,6.23,6.21
3498.03,1.82,-4.40,1.82,-4.40,4.40,4.37,3.64,6.22,6.22,6.21
3533.01,1.61,-4.61,1.60,-4.61,4.61,4.49,3.66,6.22,6.21,6.21
3568.34,1.39,-4.82,1.39,-4.81,4.80,4.60,3.68,6.19,6.19,6.20
3604.02,1.19,-4.99,1.19,-4.99,4.98,4.72,3.71,6.16,6.16,6.17
3640.06,1.03,-5.13,1.02,-5.13,5.12,4.83,3.73,6.14,6.14,6.15
3676.46,0.88,-5.26,0.89,-5.24,5.22,4.94,3.74,6.09,6.11,6.13
3713.22,0.81,-5.30,0.80,-5.31,5.27,5.03,3.75,6.08,6.07,6.10
3750.36,0.75,-5.34,0.75,-5.33,5.29,5.10,3.76,6.03,6.03,6.08
3787.86,0.74,-5.31,0.75,-5.29,5.26,5.15,3.77,5.99,6.01,6.04
3825.74,0.80,-5.21,0.80,-5.21,5.19,5.16,3.77,5.99,5.99,6.00
3864.00,0.88,-5.09,0.87,-5.09,5.10,5.14,3.77,5.97,5.97,5.96
3902.64,0.98,-4.95,0.97,-4.96,4.98,5.08,3.76,5.96,5.95,5.92
3941.66,1.05,-4.85,1.06,-4.84,4.86,4.99,3.75,5.90,5.91,5.89
3981.08,1.15,-4.71,1.14,-4.71,4.73,4.88,3.73,5.88,5.87,5.85
4020.89,1.21,-4.60,1.21,-4.59,4.61,4.75,3.71,5.82,5.82,5.80
4061.10,1.27,-4.48,1.27,-4.47,4.50,4.61,3.68,5.77,5.77,5.74
4101.71,1.32,-4.37,1.31,-4.38,4.41,4.47,3.64,5.72,5.71,5.68
4142.73,1.34,-4.30,1.33,-4.30,4.32,4.33,3.60,5.65,5.65,5.63
4184.15,1.34,-4.24,1.35,-4.23,4.23,4.18,3.56,5.57,5.58,5.57
4226.00,1.36,-4.16,1.35,-4.16,4.14,4.05,3.51,5.50,5.50,5.51
4268.26,1.38,-4.08,1.37,-4.07,4.05,3.91,3.46,5.43,5.42,5.45
4310.94,1.40,-3.98,1.40,-3.97,3.95,3.78,3.40,5.35,5.36,5.37
4354.05,1.45,-3.85,1.44,-3.86,3.84,3.66,3.34,5.29,5.28,5.29
4397.59,1.50,-3.73,1.49,-3.73,3.72,3.54,3.27,5.21,5.21,5.22
4441.56,1.55,-3.60,1.55,-3.59,3.58,3.41,3.20,5.13,5.13,5.14
4485.98,1.62,-3.45,1.62,-3.44,3.44,3.29,3.13,5.05,5.06,5.06
4530.84,1.70,-3.29,1.69,-3.29,3.29,3.17,3.05,4.99,4.99,4.98
4576.15,1.77,-3.13,1.76,-3.13,3.15,3.05,2.97,4.91,4.91,4.89
4621.91,1.83,-2.99,1.82,-2.99,3.01,2.93,2.89,4.84,4.83,4.81
4668.13,1.86,-2.87,1.87,-2.86,2.88,2.80,2.81,4.74,4.74,4.72
4714.81,1.90,-2.74,1.90,-2.74,2.76,2.66,2.73,4.65,4.66,4.63
4761.96,1.94,-2.62,1.92,-2.63,2.64,2.52,2.65,4.58,4.56,4.55
4809.58,1.94,-2.52,1.94,-2.52,2.53,2.38,2.56,4.47,4.47,4.45
4857.67,1.94,-2.43,1.95,-2.41,2.42,2.22,2.48,4.36,4.38,4.36
4906.25,1.99,-2.29,1.97,-2.30,2.31,2.06,2.40,4.30,4.28,4.27
4955.31,2.00,-2.18,2.00,-2.17,2.18,1.88,2.31,4.18,4.19,4.17
5004.87,2.06,-2.03,2.06,-2.03,2.04,1.69,2.23,4.09,4.09,4.08
5054.91,2.14,-1.87,2.14,-1.86,1.85,1.48,2.15,3.99,3.99,4.00
5105.46,2.28,-1.65,2.28,-1.65,1.62,1.26,2.06,3.90,3.90,3.92
5156.52,2.47,-1.39,2.46,-1.39,1.35,1.01,1.98,3.81,3.81,3.85
5208.08,2.72,-1.06,2.71,-1.06,1.01,0.75,1.90,3.72,3.72,3.77
5260.16,3.02,-0.68,3.03,-0.67,0.61,0.45,1.82,3.63,3.64,3.69
5312.77,3.41,-0.21,3.40,-0.21,0.15,0.13,1.74,3.56,3.56,3.61
5365.89,3.84,0.30,3.84,0.31,-0.35,-0.24,1.67,3.48,3.49,3.53
5419.55,4.33,0.87,4.32,0.86,-0.90,-0.62,1.59,3.43,3.42,3.45
5473.75,4.83,1.44,4.82,1.45,-1.47,-1.05,1.51,3.36,3.36,3.38
5528.49,5.34,2.03,5.33,2.03,-2.03,-1.51,1.44,3.30,3.30,3.30
5583.77,5.83,2.60,5.82,2.59,-2.58,-2.00,1.37,3.25,3.24,3.22
5639.61,6.28,3.11,6.25,3.09,-3.07,-2.52,1.29,3.21,3.18,3.16
5696.00,6.63,3.53,6.62,3.52,-3.47,-3.02,1.22,3.15,3.15,3.09
5752.96,6.92,3.88,6.90,3.87,-3.78,-3.53,1.15,3.14,3.12,3.03
5810.49,7.13,4.15,7.06,4.09,-3.97,-3.93,1.09,3.15,3.09,2.97
5868.60,7.17,4.25,7.09,4.17,-4.06,-4.31,1.02,3.11,3.04,2.91
5927.28,7.04,4.18,6.98,4.12,-4.04,-4.44,0.95,3.00,2.94,2.85
5986.56,6.82,4.03,6.73,3.95,-3.93,-4.52,0.89,2.89,2.81,2.78
6046.42,6.52,3.81,6.40,3.69,-3.75,-4.34,0.82,2.77,2.65,2.70
6106.89,6.14,3.52,5.99,3.37,-3.51,-4.11,0.76,2.63,2.48,2.61
6167.96,5.69,3.16,5.52,3.00,-3.24,-3.72,0.70,2.44,2.28,2.52
6229.64,5.23,2.79,5.02,2.58,-2.96,-3.31,0.63,2.27,2.06,2.43
6291.93,4.75,2.40,4.50,2.14,-2.68,-2.88,0.57,2.07,1.82,2.34
6354.85,4.25,1.98,3.97,1.70,-2.40,-2.44,0.51,1.84,1.57,2.26
6418.40,3.78,1.59,3.45,1.25,-2.14,-2.05,0.45,1.64,1.31,2.18
6482.58,3.30,1.18,2.95,0.82,-1.88,-1.67,0.39,1.41,1.06,2.11
6547.41,2.85,0.81,2.46,0.42,-1.62,-1.35,0.34,1.22,0.84,2.03
6612.88,2.41,0.45,2.01,0.04,-1.37,-1.04,0.28,1.04,0.64,1.95
6679.01,1.99,0.11,1.59,-0.30,-1.11,-0.80,0.22,0.88,0.48,1.87
6745.80,1.58,-0.22,1.20,-0.60,-0.85,-0.56,0.17,0.73,0.36,1.79
6813.26,1.20,-0.51,0.87,-0.83,-0.59,-0.37,0.11,0.61,0.28,1.70
6881.39,0.85,-0.76,0.59,-1.02,-0.31,-0.19,0.06,0.54,0.28,1.60
6950.21,0.53,-0.99,0.36,-1.15,-0.03,-0.06,0.01,0.50,0.34,1.51
7019.71,0.21,-1.22,0.17,-1.24,0.25,0.07,-0.04,0.45,0.42,1.42
7089.91,-0.07,-1.41,0.02,-1.28,0.50,0.17,-0.09,0.42,0.52,1.33
7160.81,-0.33,-1.57,-0.09,-1.29,0.71,0.26,-0.14,0.37,0.62,1.23
7232.41,-0.53,-1.66,-0.18,-1.26,0.88,0.33,-0.19,0.34,0.70,1.12
7304.74,-0.71,-1.73,-0.25,-1.22,1.00,0.39,-0.24,0.29,0.75,1.01
7377.79,-0.85,-1.76,-0.31,-1.17,1.08,0.44,-0.28,0.22,0.77,0.90
7451.56,-0.96,-1.76,-0.37,-1.11,1.11,0.48,-0.32,0.14,0.74,0.79
7526.08,-1.05,-1.74,-0.43,-1.05,1.10,0.51,-0.36,0.04,0.67,0.68
7601.34,-1.11,-1.70,-0.49,-0.99,1.06,0.53,-0.40,-0.06,0.57,0.58
7677.35,-1.14,-1.63,-0.56,-0.94,0.99,0.54,-0.43,-0.15,0.44,0.48
7754.13,-1.20,-1.59,-0.64,-0.90,0.93,0.55,-0.47,-0.28,0.29,0.38
7831.67,-1.32,-1.61,-0.73,-0.86,0.87,0.55,-0.50,-0.45,0.15,0.28
7909.98,-1.52,-1.71,-0.83,-0.84,0.85,0.55,-0.52,-0.67,0.02,0.18
7989.08,-1.83,-1.92,-0.94,-0.83,0.84,0.54,-0.55,-1.00,-0.10,0.08
8068.98,-2.29,-2.27,-1.06,-0.82,0.83,0.53,-0.57,-1.46,-0.23,-0.03
8149.67,-2.92,-2.79,-1.19,-0.83,0.83,0.51,-0.59,-2.09,-0.36,-0.14
8231.16,-3.72,-3.47,-1.33,-0.84,0.84,0.49,-0.61,-2.89,-0.49,-0.26
8313.47,-4.66,-4.30,-1.46,-0.85,0.84,0.47,-0.62,-3.82,-0.62,-0.37
8396.61,-5.69,-5.22,-1.60,-0.86,0.85,0.44,-0.63,-4.85,-0.75,-0.48
8480.57,-6.75,-6.17,-1.73,-0.86,0.85,0.41,-0.64,-5.90,-0.88,-0.59
8565.38,-7.78,-7.07,-1.85,-0.86,0.85,0.39,-0.65,-6.93,-1.00,-0.72
8651.03,-8.67,-7.83,-1.97,-0.85,0.85,0.35,-0.65,-7.82,-1.12,-0.85
8737.54,-9.40,-8.43,-2.09,-0.84,0.85,0.32,-0.65,-8.56,-1.24,-0.98
8824.92,-9.93,-8.83,-2.20,-0.83,0.84,0.28,-0.65,-9.09,-1.36,-1.11
8913.17,-10.24,-9.01,-2.32,-0.82,0.83,0.24,-0.65,-9.41,-1.48,-1.24
9002.30,-10.17,-8.82,-2.43,-0.81,0.82,0.20,-0.65,-9.35,-1.61,-1.36
9092.32,-9.90,-8.40,-2.54,-0.81,0.81,0.16,-0.65,-9.09,-1.73,-1.51
9183.25,-9.42,-7.77,-2.66,-0.80,0.80,0.12,-0.65,-8.62,-1.86,-1.66
9275.08,-8.83,-7.03,-2.77,-0.79,0.78,0.07,-0.64,-8.05,-1.98,-1.81
9367.83,-8.15,-6.21,-2.86,-0.77,0.76,0.03,-0.64,-7.39,-2.10,-1.95
9461.51,-7.39,-5.30,-2.94,-0.73,0.73,-0.02,-0.63,-6.67,-2.21,-2.10
9556.12,-6.63,-4.38,-3.01,-0.70,0.69,-0.06,-0.63,-5.95,-2.33,-2.26
9651.68,-5.84,-3.41,-3.08,-0.65,0.64,-0.11,-0.63,-5.21,-2.44,-2.44
9748.20,-5.10,-2.50,-3.13,-0.60,0.59,-0.16,-0.62,-4.52,-2.54,-2.61
9845.68,-4.38,-1.60,-3.17,-0.53,0.53,-0.21,-0.62,-3.85,-2.64,-2.79
9944.14,-3.70,-0.75,-3.20,-0.46,0.47,-0.26,-0.62,-3.23,-2.73,-2.96
10043.58,-3.12,0.00,-3.23,-0.39,0.42,-0.31,-0.61,-2.70,-2.80,-3.13
10144.02,-2.60,0.69,-3.36,-0.36,0.37,-0.36,-0.61,-2.23,-2.99,-3.30
10245.46,-2.18,1.28,-3.51,-0.32,0.33,-0.41,-0.61,-1.86,-3.18,-3.47
10347.91,-1.89,1.74,-3.65,-0.29,0.29,-0.46,-0.62,-1.61,-3.36,-3.64
10451.39,-1.68,2.12,-3.79,-0.26,0.25,-0.52,-0.62,-1.44,-3.54,-3.81
10555.91,-1.62,2.35,-3.93,-0.22,0.21,-0.57,-0.62,-1.41,-3.72,-3.98
10661.46,-1.72,2.43,-4.08,-0.18,0.18,-0.62,-0.63,-1.54,-3.90,-4.16
10768.08,-1.88,2.47,-4.22,-0.14,0.14,-0.67,-0.63,-1.74,-4.08,-4.36
10875.76,-2.09,2.45,-4.37,-0.10,0.10,-0.72,-0.64,-1.99,-4.26,-4.55
10984.52,-2.28,2.46,-4.51,-0.06,0.06,-0.77,-0.65,-2.22,-4.45,-4.75
11094.36,-2.46,2.48,-4.66,-0.02,0.02,-0.83,-0.66,-2.45,-4.64,-4.95
11205.31,-2.58,2.55,-4.81,0.03,-0.03,-0.88,-0.68,-2.61,-4.84,-5.14
11317.36,-2.62,2.73,-4.96,0.07,-0.07,-0.93,-0.69,-2.70,-5.03,-5.36
11430.53,-2.53,3.04,-5.11,0.12,-0.12,-0.98,-0.71,-2.65,-5.23,-5.58
11544.84,-2.41,3.37,-5.26,0.17,-0.17,-1.03,-0.72,-2.58,-5.43,-5.79
11660.29,-2.23,3.77,-5.41,0.22,-0.22,-1.07,-0.74,-2.45,-5.63,-6.01
11776.89,-2.02,4.20,-5.57,0.27,-0.27,-1.12,-0.77,-2.30,-5.84,-6.23
11894.66,-1.83,4.58,-5.72,0.33,-0.33,-1.17,-0.79,-2.16,-6.05,-6.42
12013.60,-1.66,4.95,-5.87,0.38,-0.38,-1.22,-0.82,-2.05,-6.26,-6.62
12133.74,-1.54,5.26,-6.03,0.44,-0.44,-1.26,-0.85,-1.98,-6.47,-6.81
12255.08,-1.55,5.44,-6.19,0.50,-0.50,-1.31,-0.88,-2.05,-6.68,-7.00
12377.63,-1.69,5.49,-6.35,0.56,-0.56,-1.35,-0.92,-2.25,-6.90,-7.19
12501.41,-1.93,5.44,-6.50,0.62,-0.62,-1.40,-0.96,-2.55,-7.12,-7.38
12626.42,-2.28,5.28,-6.66,0.68,-0.68,-1.44,-1.00,-2.96,-7.34,-7.57
12752.68,-2.74,5.01,-6.82,0.74,-0.74,-1.48,-1.05,-3.49,-7.57,-7.76
12880.21,-3.24,4.70,-6.99,0.81,-0.81,-1.52,-1.10,-4.05,-7.79,-7.95
13009.01,-3.78,4.35,-7.15,0.87,-0.87,-1.56,-1.16,-4.66,-8.02,-8.14
13139.10,-4.30,4.02,-7.31,0.94,-0.94,-1.60,-1.22,-5.25,-8.25,-8.33
13270.49,-4.76,3.74,-7.48,1.01,-1.01,-1.63,-1.29,-5.78,-8.49,-8.51
13403.20,-5.17,3.48,-7.64,1.08,-1.08,-1.67,-1.36,-6.26,-8.72,-8.66
13537.23,-5.51,3.30,-7.81,1.15,-1.15,-1.70,-1.44,-6.67,-8.96,-8.82
13672.60,-5.82,3.15,-7.97,1.23,-1.23,-1.74,-1.53,-7.05,-9.20,-8.98
13809.33,-6.11,3.02,-8.14,1.30,-1.30,-1.77,-1.62,-7.42,-9.45,-9.14
13947.42,-6.45,2.84,-8.31,1.38,-1.38,-1.80,-1.73,-7.83,-9.69,-9.30
14086.90,-6.84,2.60,-8.48,1.46,-1.46,-1.83,-1.83,-8.30,-9.94,-9.45
14227.77,-7.30,2.27,-8.65,1.54,-1.54,-1.86,-1.96,-8.84,-10.19,-9.58
14370.04,-7.77,1.94,-8.82,1.62,-1.62,-1.89,-2.08,-9.39,-10.44,-9.72
14513.74,-8.30,1.55,-9.00,1.70,-1.70,-1.92,-2.22,-10.01,-10.70,-9.86
14658.88,-8.84,1.14,-9.17,1.79,-1.79,-1.94,-2.36,-10.63,-10.95,-9.99
14805.47,-9.34,0.78,-9.34,1.87,-1.87,-1.97,-2.51,-11.22,-11.21,-10.13
14953.52,-9.74,0.52,-9.52,1.96,-1.96,-1.99,-2.67,-11.70,-11.48,-10.27
15103.06,-10.06,0.37,-9.69,2.05,-2.05,-2.02,-2.82,-12.11,-11.74,-10.44
15254.09,-10.23,0.38,-9.87,2.14,-2.14,-2.04,-2.97,-12.37,-12.01,-10.62
15406.63,-10.10,0.69,-10.05,2.23,-2.23,-2.06,-3.11,-12.33,-12.28,-10.80
15560.70,-9.81,1.17,-10.23,2.32,-2.32,-2.08,-3.23,-12.13,-12.55,-10.99
15716.30,-9.35,1.81,-10.41,2.42,-2.42,-2.10,-3.32,-11.77,-12.82,-11.17
15873.47,-8.79,2.55,-10.59,2.51,-2.51,-2.12,-3.38,-11.30,-13.10,-11.35
16032.20,-8.22,3.33,-10.77,2.61,-2.61,-2.14,-3.39,-10.83,-13.38,-11.56
16192.52,-7.74,4.10,-10.95,2.71,-2.71,-2.15,-3.36,-10.45,-13.66,-11.85
16354.45,-7.38,4.75,-11.14,2.81,-2.81,-2.17,-3.26,-10.19,-13.94,-12.14
16517.99,-7.34,5.08,-11.32,2.91,-2.91,-2.19,-3.14,-10.25,-14.23,-12.43
16683.17,-7.69,5.02,-11.51,3.01,-3.01,-2.20,-2.96,-10.70,-14.52,-12.72
16850.01,-8.20,4.80,-11.69,3.11,-3.11,-2.21,-2.76,-11.32,-14.81,-13.01
17018.51,-8.86,4.45,-11.88,3.22,-3.22,-2.23,-2.53,-12.08,-15.10,-13.32
17188.69,-9.56,4.23,-12.07,3.33,-3.33,-2.24,-2.30,-12.89,-15.40,-13.80
17360.58,-10.21,4.05,-12.26,3.44,-3.44,-2.25,-2.06,-13.65,-15.69,-14.27
17534.18,-10.75,3.99,-12.45,3.55,-3.55,-2.26,-1.84,-14.30,-15.99,-14.75
17709.53,-11.14,4.07,-12.64,3.66,-3.66,-2.27,-1.62,-14.80,-16.30,-15.22
17886.62,-11.41,4.28,-12.83,3.77,-3.77,-2.28,-1.42,-15.19,-16.60,-15.70
18065.49,-11.63,4.63,-13.02,3.89,-3.89,-2.29,-1.24,-15.52,-16.91,-16.27
18246.14,-12.03,4.97,-13.22,4.00,-4.00,-2.30,-1.07,-16.04,-17.22,-17.01
18428.60,-13.02,4.72,-13.41,4.12,-4.12,-2.31,-0.93,-17.14,-17.53,-17.75
18612.89,-14.77,3.72,-13.61,4.24,-4.24,-2.32,-0.79,-19.01,-17.84,-18.50
18799.02,-16.52,2.71,-13.80,4.36,-4.36,-2.32,-0.68,-20.88,-18.16,-19.24
18987.01,-17.72,2.25,-14.00,4.48,-4.48,-2.33,-0.57,-22.20,-18.48,-19.98
19176.88,-19.51,1.50,-14.20,4.60,-4.60,-2.34,-0.48,-24.12,-18.80,-21.02
19368.65,-21.47,0.61,-14.40,4.73,-4.73,-2.34,-0.40,-26.20,-19.13,-22.09
19562.33,-23.43,-0.29,-14.60,4.85,-4.85,-2.35,-0.33,-28.29,-19.45,-23.15
19757.96,-25.39,-1.18,-14.80,4.98,-4.98,-2.35,-0.27,-30.37,-19.78,-24.22
19955.54,-27.35,-2.08,-15.00,5.11,-5.11,-2.36,-0.20,-32.46,-20.11,-25.28
