frequency,raw,error,smoothed,error_smoothed,equalization,parametric_eq,fixed_band_eq,equalized_raw,equalized_smoothed,target
20.00,12.68,5.91,12.68,5.92,-5.91,-5.48,-2.55,6.77,6.77,6.77
20.20,12.66,5.90,12.66,5.90,-5.90,-5.48,-2.62,6.76,6.76,6.76
20.40,12.64,5.89,12.64,5.89,-5.89,-5.48,-2.70,6.75,6.75,6.76
20.61,12.62,5.88,12.62,5.88,-5.88,-5.48,-2.78,6.74,6.74,6.75
20.81,12.60,5.87,12.60,5.87,-5.87,-5.48,-2.85,6.73,6.73,6.73
21.02,12.58,5.86,12.59,5.86,-5.86,-5.48,-2.94,6.72,6.72,6.72
21.23,12.58,5.86,12.58,5.85,-5.86,-5.49,-3.02,6.72,6.72,6.72
21.44,12.58,5.85,12.58,5.85,-5.86,-5.49,-3.10,6.72,6.72,6.73
21.66,12.58,5.86,12.58,5.86,-5.86,-5.49,-3.19,6.72,6.72,6.72
21.87,12.58,5.86,12.58,5.86,-5.86,-5.49,-3.28,6.72,6.72,6.72
22.09,12.58,5.87,12.58,5.87,-5.86,-5.49,-3.38,6.72,6.72,6.71
22.31,12.58,5.87,12.58,5.87,-5.87,-5.50,-3.47,6.71,6.71,6.71
22.54,12.58,5.88,12.58,5.87,-5.87,-5.50,-3.57,6.71,6.71,6.70
22.76,12.58,5.87,12.58,5.88,-5.88,-5.50,-3.67,6.70,6.70,6.71
22.99,12.58,5.87,12.58,5.88,-5.89,-5.50,-3.77,6.69,6.69,6.71
23.22,12.59,5.89,12.59,5.88,-5.90,-5.51,-3.88,6.70,6.69,6.70
23.45,12.59,5.89,12.60,5.90,-5.89,-5.51,-3.99,6.70,6.70,6.70
23.69,12.60,5.90,12.60,5.91,-5.89,-5.51,-4.10,6.71,6.72,6.70
23.92,12.61,5.91,12.60,5.90,-5.88,-5.51,-4.21,6.73,6.72,6.70
24.16,12.59,5.89,12.59,5.89,-5.86,-5.51,-4.33,6.73,6.73,6.70
24.40,12.56,5.85,12.56,5.85,-5.85,-5.52,-4.44,6.71,6.71,6.71
24.65,12.53,5.82,12.53,5.81,-5.83,-5.52,-4.56,6.70,6.69,6.71
24.89,12.49,5.78,12.50,5.79,-5.82,-5.52,-4.68,6.67,6.68,6.71
25.14,12.48,5.78,12.48,5.78,-5.80,-5.52,-4.80,6.68,6.68,6.70
25.39,12.48,5.78,12.48,5.78,-5.78,-5.53,-4.93,6.70,6.70,6.70
25.65,12.48,5.78,12.48,5.78,-5.77,-5.53,-5.05,6.72,6.72,6.70
25.91,12.48,5.78,12.48,5.78,-5.75,-5.53,-5.17,6.73,6.73,6.70
26.16,12.46,5.76,12.45,5.76,-5.74,-5.53,-5.30,6.72,6.72,6.70
26.43,12.42,5.74,12.42,5.73,-5.73,-5.53,-5.42,6.69,6.69,6.69
26.69,12.38,5.70,12.38,5.70,-5.72,-5.54,-5.54,6.66,6.67,6.68
26.96,12.35,5.68,12.36,5.69,-5.71,-5.54,-5.66,6.64,6.65,6.67
27.23,12.35,5.69,12.35,5.69,-5.71,-5.54,-5.78,6.64,6.64,6.66
27.50,12.36,5.70,12.36,5.70,-5.71,-5.54,-5.90,6.65,6.65,6.66
27.77,12.37,5.71,12.37,5.71,-5.72,-5.55,-6.01,6.65,6.65,6.66
28.05,12.38,5.72,12.38,5.72,-5.73,-5.55,-6.12,6.66,6.65,6.66
28.33,12.39,5.73,12.39,5.74,-5.73,-5.55,-6.22,6.66,6.66,6.66
28.62,12.40,5.76,12.41,5.76,-5.73,-5.55,-6.33,6.67,6.68,6.65
28.90,12.42,5.77,12.41,5.76,-5.72,-5.56,-6.42,6.70,6.68,6.65
29.19,12.39,5.74,12.39,5.74,-5.71,-5.56,-6.51,6.68,6.68,6.65
29.48,12.35,5.69,12.35,5.69,-5.69,-5.56,-6.58,6.66,6.66,6.66
29.78,12.31,5.65,12.31,5.65,-5.68,-5.56,-6.66,6.63,6.64,6.66
30.08,12.28,5.62,12.29,5.63,-5.66,-5.56,-6.72,6.62,6.63,6.67
30.38,12.28,5.63,12.28,5.62,-5.65,-5.57,-6.78,6.63,6.63,6.65
30.68,12.28,5.63,12.28,5.63,-5.64,-5.57,-6.82,6.64,6.64,6.65
30.99,12.28,5.64,12.28,5.64,-5.64,-5.57,-6.87,6.64,6.64,6.64
31.30,12.28,5.64,12.28,5.65,-5.63,-5.57,-6.89,6.65,6.65,6.64
31.61,12.28,5.64,12.28,5.65,-5.62,-5.58,-6.91,6.66,6.66,6.64
31.93,12.28,5.66,12.27,5.64,-5.61,-5.58,-6.92,6.67,6.66,6.62
32.24,12.24,5.62,12.23,5.62,-5.60,-5.58,-6.92,6.64,6.64,6.62
32.57,12.18,5.57,12.18,5.57,-5.57,-5.58,-6.91,6.61,6.61,6.61
32.89,12.12,5.52,12.13,5.53,-5.55,-5.58,-6.90,6.57,6.58,6.60
33.22,12.10,5.51,12.10,5.51,-5.53,-5.58,-6.88,6.57,6.57,6.59
33.55,12.09,5.50,12.09,5.50,-5.52,-5.59,-6.85,6.57,6.57,6.59
33.89,12.08,5.49,12.08,5.50,-5.51,-5.59,-6.81,6.57,6.57,6.59
34.23,12.08,5.51,12.08,5.50,-5.51,-5.59,-6.77,6.57,6.57,6.57
34.57,12.08,5.51,12.08,5.51,-5.52,-5.59,-6.72,6.56,6.56,6.57
34.92,12.08,5.52,12.08,5.52,-5.52,-5.59,-6.66,6.56,6.56,6.56
35.27,12.08,5.52,12.09,5.54,-5.52,-5.59,-6.61,6.56,6.58,6.56
35.62,12.09,5.55,12.09,5.55,-5.51,-5.59,-6.55,6.59,6.59,6.54
35.97,12.09,5.56,12.07,5.54,-5.49,-5.60,-6.49,6.60,6.58,6.53
36.33,12.01,5.50,12.01,5.49,-5.47,-5.60,-6.42,6.54,6.54,6.51
36.70,11.93,5.43,11.94,5.44,-5.46,-5.60,-6.36,6.48,6.48,6.50
37.06,11.86,5.37,11.88,5.39,-5.44,-5.60,-6.29,6.42,6.44,6.49
37.43,11.86,5.39,11.86,5.39,-5.44,-5.60,-6.23,6.43,6.42,6.47
37.81,11.87,5.42,11.86,5.41,-5.44,-5.60,-6.17,6.43,6.42,6.45
38.19,11.87,5.45,11.87,5.45,-5.45,-5.60,-6.10,6.42,6.42,6.42
38.57,11.87,5.47,11.87,5.47,-5.47,-5.60,-6.04,6.40,6.40,6.40
38.95,11.87,5.50,11.87,5.50,-5.49,-5.60,-5.98,6.38,6.38,6.37
39.34,11.87,5.52,11.88,5.53,-5.51,-5.60,-5.93,6.36,6.36,6.35
39.74,11.88,5.56,11.87,5.55,-5.53,-5.60,-5.87,6.35,6.35,6.32
40.14,11.86,5.56,11.86,5.56,-5.53,-5.60,-5.82,6.33,6.32,6.30
40.54,11.82,5.55,11.82,5.55,-5.53,-5.60,-5.77,6.29,6.29,6.27
40.94,11.78,5.53,11.78,5.53,-5.53,-5.60,-5.73,6.25,6.25,6.25
41.35,11.73,5.50,11.73,5.50,-5.53,-5.60,-5.69,6.20,6.20,6.23
41.76,11.69,5.49,11.70,5.49,-5.52,-5.60,-5.65,6.17,6.17,6.20
42.18,11.67,5.48,11.68,5.50,-5.51,-5.60,-5.61,6.16,6.17,6.19
42.60,11.68,5.52,11.68,5.52,-5.51,-5.60,-5.58,6.17,6.17,6.16
43.03,11.69,5.56,11.66,5.53,-5.51,-5.60,-5.56,6.18,6.16,6.13
43.46,11.63,5.51,11.63,5.52,-5.51,-5.60,-5.54,6.12,6.13,6.12
43.90,11.58,5.49,11.60,5.51,-5.51,-5.60,-5.52,6.07,6.09,6.09
44.33,11.57,5.51,11.57,5.51,-5.52,-5.60,-5.51,6.05,6.05,6.06
44.78,11.57,5.54,11.56,5.52,-5.52,-5.60,-5.50,6.05,6.03,6.03
45.23,11.54,5.53,11.53,5.53,-5.53,-5.61,-5.49,6.01,6.00,6.01
45.68,11.50,5.52,11.50,5.53,-5.54,-5.61,-5.49,5.97,5.97,5.98
46.13,11.46,5.52,11.48,5.54,-5.55,-5.61,-5.49,5.91,5.94,5.94
46.60,11.48,5.57,11.48,5.56,-5.56,-5.61,-5.50,5.92,5.92,5.91
47.06,11.48,5.60,11.46,5.58,-5.57,-5.62,-5.51,5.91,5.88,5.88
47.53,11.43,5.58,11.43,5.59,-5.59,-5.62,-5.53,5.84,5.84,5.85
48.01,11.37,5.58,11.40,5.60,-5.60,-5.62,-5.54,5.77,5.80,5.79
48.49,11.37,5.61,11.37,5.61,-5.61,-5.63,-5.57,5.76,5.76,5.76
48.97,11.37,5.65,11.34,5.63,-5.63,-5.63,-5.59,5.74,5.72,5.72
49.46,11.31,5.64,11.31,5.64,-5.64,-5.64,-5.62,5.67,5.68,5.67
49.96,11.26,5.64,11.28,5.65,-5.65,-5.64,-5.65,5.61,5.63,5.62
50.46,11.25,5.65,11.25,5.65,-5.66,-5.65,-5.69,5.59,5.59,5.60
50.96,11.25,5.68,11.23,5.67,-5.67,-5.66,-5.72,5.58,5.56,5.57
51.47,11.21,5.68,11.21,5.68,-5.69,-5.67,-5.76,5.52,5.52,5.54
51.99,11.17,5.68,11.19,5.70,-5.70,-5.67,-5.80,5.48,5.50,5.49
52.51,11.17,5.71,11.17,5.71,-5.70,-5.68,-5.85,5.47,5.47,5.46
53.03,11.17,5.75,11.15,5.73,-5.71,-5.69,-5.89,5.46,5.44,5.42
53.56,11.11,5.73,11.12,5.74,-5.72,-5.70,-5.93,5.39,5.39,5.38
54.10,11.06,5.73,11.06,5.73,-5.74,-5.71,-5.98,5.33,5.33,5.33
54.64,11.01,5.71,11.01,5.72,-5.75,-5.72,-6.02,5.26,5.26,5.30
55.18,10.97,5.72,10.98,5.73,-5.75,-5.73,-6.06,5.22,5.23,5.25
55.74,10.97,5.76,10.97,5.75,-5.76,-5.74,-6.11,5.21,5.22,5.21
56.29,10.97,5.78,10.97,5.79,-5.76,-5.75,-6.15,5.21,5.22,5.19
56.86,10.97,5.81,10.94,5.80,-5.76,-5.76,-6.19,5.21,5.19,5.16
57.42,10.90,5.80,10.89,5.78,-5.76,-5.77,-6.22,5.14,5.13,5.10
58.00,10.80,5.72,10.83,5.75,-5.77,-5.78,-6.26,5.03,5.06,5.08
58.58,10.78,5.72,10.78,5.73,-5.77,-5.79,-6.29,5.01,5.02,5.06
59.16,10.77,5.74,10.77,5.74,-5.76,-5.80,-6.31,5.01,5.00,5.03
59.76,10.77,5.77,10.77,5.77,-5.76,-5.81,-6.33,5.01,5.01,5.00
60.35,10.75,5.80,10.75,5.79,-5.77,-5.81,-6.35,4.98,4.98,4.95
60.96,10.72,5.81,10.70,5.79,-5.78,-5.82,-6.36,4.94,4.92,4.91
61.57,10.63,5.77,10.64,5.78,-5.80,-5.83,-6.37,4.83,4.84,4.86
62.18,10.57,5.76,10.59,5.79,-5.81,-5.84,-6.37,4.76,4.78,4.81
62.80,10.57,5.82,10.57,5.81,-5.82,-5.85,-6.36,4.75,4.75,4.75
63.43,10.57,5.86,10.56,5.85,-5.83,-5.86,-6.35,4.74,4.73,4.71
64.07,10.55,5.89,10.54,5.88,-5.84,-5.86,-6.34,4.71,4.70,4.66
64.71,10.49,5.87,10.49,5.87,-5.86,-5.87,-6.32,4.63,4.63,4.63
65.35,10.43,5.85,10.43,5.85,-5.87,-5.88,-6.30,4.56,4.56,4.58
66.01,10.37,5.83,10.39,5.85,-5.88,-5.88,-6.27,4.49,4.50,4.54
66.67,10.37,5.87,10.38,5.89,-5.89,-5.89,-6.23,4.48,4.49,4.50
67.33,10.37,5.93,10.37,5.92,-5.89,-5.90,-6.19,4.48,4.47,4.44
68.01,10.37,5.97,10.33,5.93,-5.90,-5.90,-6.15,4.48,4.43,4.40
68.69,10.25,5.89,10.27,5.91,-5.90,-5.91,-6.11,4.35,4.36,4.36
69.37,10.18,5.86,10.21,5.89,-5.91,-5.91,-6.06,4.27,4.29,4.32
70.07,10.16,5.90,10.16,5.89,-5.92,-5.92,-6.01,4.24,4.24,4.26
70.77,10.16,5.94,10.14,5.91,-5.93,-5.92,-5.96,4.23,4.21,4.22
71.48,10.11,5.93,10.11,5.94,-5.93,-5.92,-5.91,4.18,4.18,4.18
72.19,10.06,5.93,10.08,5.95,-5.93,-5.93,-5.85,4.13,4.15,4.13
72.91,10.05,5.98,10.03,5.96,-5.94,-5.93,-5.80,4.11,4.10,4.08
73.64,9.99,5.96,9.98,5.95,-5.95,-5.93,-5.75,4.04,4.03,4.03
74.38,9.92,5.93,9.93,5.94,-5.95,-5.94,-5.69,3.97,3.98,3.99
75.12,9.86,5.91,9.88,5.93,-5.95,-5.94,-5.64,3.91,3.93,3.95
75.87,9.86,5.94,9.85,5.94,-5.94,-5.94,-5.59,3.92,3.91,3.92
76.63,9.84,5.97,9.83,5.96,-5.94,-5.94,-5.54,3.90,3.89,3.87
77.40,9.80,5.96,9.79,5.95,-5.94,-5.94,-5.49,3.86,3.85,3.84
78.17,9.74,5.94,9.73,5.93,-5.93,-5.94,-5.45,3.81,3.80,3.80
78.95,9.66,5.88,9.69,5.92,-5.93,-5.94,-5.41,3.73,3.76,3.78
79.74,9.66,5.92,9.66,5.92,-5.93,-5.94,-5.37,3.73,3.74,3.74
80.54,9.66,5.95,9.64,5.93,-5.92,-5.94,-5.33,3.74,3.72,3.71
81.35,9.62,5.95,9.60,5.93,-5.91,-5.94,-5.30,3.71,3.69,3.67
82.16,9.54,5.89,9.54,5.90,-5.90,-5.94,-5.27,3.64,3.64,3.65
82.98,9.46,5.86,9.50,5.89,-5.89,-5.94,-5.24,3.57,3.60,3.60
83.81,9.46,5.89,9.46,5.89,-5.89,-5.93,-5.22,3.57,3.57,3.57
84.65,9.45,5.92,9.41,5.89,-5.88,-5.93,-5.20,3.57,3.53,3.53
85.50,9.36,5.87,9.36,5.87,-5.87,-5.93,-5.18,3.49,3.49,3.49
86.35,9.27,5.82,9.30,5.85,-5.87,-5.92,-5.17,3.40,3.44,3.45
87.22,9.26,5.85,9.27,5.86,-5.86,-5.92,-5.16,3.40,3.41,3.41
88.09,9.26,5.89,9.25,5.88,-5.87,-5.91,-5.16,3.40,3.38,3.37
88.97,9.25,5.92,9.20,5.87,-5.87,-5.91,-5.16,3.38,3.34,3.33
89.86,9.11,5.82,9.14,5.86,-5.87,-5.90,-5.16,3.24,3.28,3.29
90.76,9.07,5.83,9.10,5.85,-5.87,-5.89,-5.17,3.20,3.23,3.25
91.66,9.07,5.88,9.07,5.87,-5.87,-5.88,-5.18,3.20,3.20,3.19
92.58,9.07,5.92,9.04,5.89,-5.87,-5.87,-5.20,3.20,3.17,3.15
93.51,9.00,5.89,8.99,5.89,-5.87,-5.86,-5.22,3.13,3.12,3.11
94.44,8.90,5.84,8.93,5.87,-5.88,-5.85,-5.24,3.03,3.05,3.06
95.39,8.86,5.85,8.86,5.85,-5.88,-5.84,-5.26,2.98,2.99,3.01
96.34,8.83,5.88,8.82,5.86,-5.88,-5.83,-5.29,2.96,2.94,2.95
97.30,8.76,5.86,8.77,5.87,-5.87,-5.81,-5.33,2.89,2.90,2.90
98.28,8.72,5.88,8.71,5.88,-5.86,-5.80,-5.36,2.86,2.86,2.84
99.26,8.63,5.85,8.65,5.87,-5.84,-5.79,-5.40,2.79,2.81,2.78
100.25,8.59,5.87,8.56,5.84,-5.83,-5.77,-5.44,2.76,2.74,2.72
101.25,8.47,5.80,8.47,5.80,-5.81,-5.76,-5.48,2.66,2.66,2.67
102.27,8.37,5.75,8.40,5.78,-5.79,-5.75,-5.53,2.58,2.61,2.62
103.29,8.33,5.77,8.33,5.76,-5.77,-5.73,-5.57,2.56,2.55,2.56
104.32,8.28,5.76,8.26,5.75,-5.76,-5.72,-5.62,2.52,2.50,2.52
105.37,8.19,5.74,8.19,5.74,-5.75,-5.71,-5.67,2.44,2.44,2.45
106.42,8.10,5.70,8.13,5.73,-5.74,-5.69,-5.72,2.36,2.39,2.40
107.48,8.07,5.73,8.07,5.73,-5.73,-5.68,-5.77,2.34,2.35,2.34
108.56,8.05,5.76,8.03,5.74,-5.72,-5.67,-5.82,2.33,2.31,2.29
109.64,7.97,5.74,7.97,5.74,-5.70,-5.65,-5.87,2.27,2.27,2.23
110.74,7.89,5.71,7.89,5.71,-5.69,-5.64,-5.91,2.20,2.20,2.18
111.85,7.80,5.67,7.81,5.67,-5.68,-5.63,-5.96,2.12,2.12,2.13
112.97,7.73,5.64,7.73,5.65,-5.68,-5.62,-6.00,2.06,2.06,2.09
114.10,7.67,5.63,7.66,5.63,-5.67,-5.60,-6.04,2.00,2.00,2.04
115.24,7.61,5.63,7.62,5.64,-5.66,-5.59,-6.08,1.95,1.96,1.98
116.39,7.58,5.65,7.59,5.66,-5.65,-5.58,-6.11,1.93,1.94,1.93
117.55,7.58,5.69,7.56,5.67,-5.64,-5.57,-6.14,1.94,1.92,1.89
118.73,7.52,5.68,7.51,5.66,-5.63,-5.56,-6.16,1.89,1.88,1.85
119.92,7.43,5.63,7.45,5.64,-5.62,-5.55,-6.18,1.81,1.83,1.80
121.12,7.38,5.60,7.38,5.61,-5.61,-5.54,-6.19,1.77,1.77,1.78
122.33,7.32,5.58,7.32,5.58,-5.59,-5.53,-6.20,1.73,1.73,1.74
123.55,7.25,5.55,7.25,5.55,-5.57,-5.52,-6.20,1.68,1.68,1.71
124.79,7.20,5.53,7.20,5.53,-5.54,-5.51,-6.19,1.66,1.65,1.67
126.03,7.13,5.50,7.16,5.53,-5.52,-5.50,-6.18,1.61,1.64,1.63
127.29,7.13,5.54,7.11,5.52,-5.50,-5.50,-6.16,1.63,1.61,1.59
128.57,7.09,5.54,7.06,5.50,-5.49,-5.49,-6.13,1.60,1.57,1.55
129.85,6.97,5.45,7.01,5.48,-5.48,-5.48,-6.10,1.49,1.53,1.53
131.15,6.95,5.46,6.95,5.46,-5.48,-5.47,-6.06,1.48,1.47,1.49
132.46,6.91,5.46,6.90,5.45,-5.47,-5.47,-6.02,1.44,1.43,1.45
133.79,6.87,5.47,6.86,5.46,-5.46,-5.46,-5.97,1.41,1.40,1.40
135.12,6.81,5.44,6.82,5.45,-5.45,-5.45,-5.91,1.36,1.37,1.37
136.48,6.77,5.44,6.79,5.46,-5.44,-5.44,-5.86,1.33,1.34,1.33
137.84,6.77,5.47,6.73,5.44,-5.43,-5.44,-5.80,1.34,1.30,1.30
139.22,6.68,5.44,6.68,5.43,-5.42,-5.43,-5.73,1.26,1.26,1.24
140.61,6.59,5.37,6.62,5.41,-5.40,-5.42,-5.66,1.19,1.22,1.22
142.02,6.57,5.39,6.55,5.37,-5.38,-5.41,-5.59,1.19,1.17,1.18
143.44,6.50,5.36,6.49,5.35,-5.35,-5.41,-5.52,1.15,1.14,1.14
144.87,6.41,5.30,6.43,5.33,-5.32,-5.40,-5.45,1.10,1.12,1.11
146.32,6.37,5.30,6.35,5.28,-5.28,-5.39,-5.37,1.09,1.07,1.07
147.78,6.27,5.24,6.28,5.25,-5.25,-5.38,-5.30,1.02,1.03,1.03
149.26,6.19,5.20,6.21,5.22,-5.22,-5.37,-5.23,0.97,1.00,0.99
150.75,6.16,5.22,6.13,5.18,-5.19,-5.36,-5.15,0.97,0.94,0.94
152.26,6.07,5.15,6.06,5.15,-5.17,-5.35,-5.08,0.90,0.89,0.92
153.78,5.97,5.10,6.01,5.13,-5.15,-5.34,-5.01,0.82,0.86,0.87
155.32,5.97,5.12,5.97,5.13,-5.14,-5.33,-4.94,0.83,0.84,0.85
156.88,5.97,5.17,5.94,5.14,-5.13,-5.32,-4.87,0.84,0.82,0.80
158.44,5.92,5.16,5.91,5.14,-5.12,-5.31,-4.80,0.81,0.79,0.76
160.03,5.81,5.09,5.84,5.12,-5.10,-5.30,-4.74,0.71,0.73,0.72
161.63,5.77,5.09,5.76,5.09,-5.10,-5.28,-4.68,0.68,0.67,0.68
163.24,5.70,5.07,5.70,5.07,-5.08,-5.27,-4.62,0.62,0.62,0.63
164.88,5.64,5.05,5.64,5.06,-5.06,-5.25,-4.56,0.58,0.58,0.59
166.53,5.57,5.03,5.58,5.04,-5.03,-5.24,-4.51,0.54,0.55,0.54
168.19,5.52,5.02,5.51,5.01,-5.00,-5.22,-4.46,0.52,0.51,0.50
169.87,5.45,5.00,5.44,4.99,-4.98,-5.20,-4.41,0.47,0.47,0.45
171.57,5.35,4.95,5.37,4.96,-4.95,-5.18,-4.37,0.40,0.42,0.40
173.29,5.31,4.94,5.28,4.92,-4.93,-5.16,-4.33,0.38,0.35,0.37
175.02,5.20,4.88,5.21,4.89,-4.91,-5.14,-4.29,0.29,0.30,0.32
176.77,5.13,4.85,5.15,4.87,-4.89,-5.12,-4.25,0.24,0.26,0.28
178.54,5.12,4.88,5.11,4.87,-4.88,-5.10,-4.22,0.24,0.23,0.24
180.32,5.08,4.88,5.07,4.87,-4.86,-5.08,-4.19,0.22,0.21,0.20
182.13,5.03,4.87,5.03,4.87,-4.85,-5.05,-4.17,0.18,0.18,0.16
183.95,4.97,4.84,4.98,4.85,-4.84,-5.03,-4.15,0.13,0.14,0.13
185.79,4.93,4.85,4.92,4.84,-4.83,-5.00,-4.13,0.10,0.09,0.09
187.65,4.87,4.82,4.87,4.82,-4.83,-4.97,-4.11,0.05,0.04,0.05
189.52,4.81,4.80,4.82,4.80,-4.81,-4.94,-4.10,-0.00,0.01,0.01
191.42,4.78,4.79,4.77,4.78,-4.79,-4.91,-4.09,-0.01,-0.02,-0.00
193.33,4.73,4.77,4.73,4.78,-4.77,-4.88,-4.09,-0.04,-0.04,-0.04
195.27,4.67,4.75,4.68,4.76,-4.74,-4.85,-4.08,-0.07,-0.06,-0.08
197.22,4.63,4.75,4.62,4.73,-4.71,-4.82,-4.08,-0.08,-0.10,-0.12
199.19,4.54,4.69,4.54,4.69,-4.68,-4.78,-4.08,-0.14,-0.14,-0.15
201.18,4.46,4.64,4.47,4.65,-4.65,-4.75,-4.08,-0.19,-0.19,-0.18
203.19,4.39,4.60,4.39,4.60,-4.63,-4.71,-4.08,-0.23,-0.24,-0.21
205.23,4.33,4.57,4.33,4.56,-4.60,-4.68,-4.09,-0.26,-0.27,-0.24
207.28,4.27,4.53,4.29,4.56,-4.57,-4.64,-4.10,-0.29,-0.27,-0.26
209.35,4.25,4.56,4.25,4.55,-4.54,-4.60,-4.10,-0.29,-0.29,-0.30
211.44,4.24,4.57,4.19,4.53,-4.51,-4.56,-4.11,-0.27,-0.32,-0.33
213.56,4.11,4.47,4.14,4.50,-4.48,-4.52,-4.12,-0.37,-0.34,-0.36
215.69,4.05,4.44,4.07,4.46,-4.45,-4.48,-4.13,-0.40,-0.38,-0.39
217.85,4.04,4.45,3.99,4.41,-4.42,-4.43,-4.14,-0.38,-0.43,-0.41
220.03,3.92,4.37,3.94,4.38,-4.38,-4.39,-4.15,-0.46,-0.45,-0.45
222.23,3.84,4.31,3.88,4.35,-4.34,-4.35,-4.15,-0.50,-0.47,-0.47
224.45,3.83,4.32,3.79,4.29,-4.30,-4.30,-4.16,-0.47,-0.51,-0.49
226.70,3.75,4.27,3.73,4.25,-4.26,-4.26,-4.16,-0.51,-0.52,-0.52
228.96,3.63,4.16,3.69,4.22,-4.21,-4.21,-4.16,-0.58,-0.52,-0.53
231.25,3.64,4.19,3.62,4.17,-4.16,-4.17,-4.16,-0.52,-0.54,-0.55
233.57,3.62,4.18,3.57,4.13,-4.12,-4.12,-4.16,-0.50,-0.54,-0.56
235.90,3.47,4.05,3.52,4.09,-4.07,-4.07,-4.15,-0.60,-0.55,-0.58
238.26,3.46,4.05,3.44,4.02,-4.03,-4.02,-4.14,-0.57,-0.59,-0.59
240.64,3.37,3.95,3.37,3.95,-3.99,-3.97,-4.13,-0.62,-0.62,-0.57
243.05,3.32,3.90,3.35,3.93,-3.95,-3.93,-4.11,-0.63,-0.61,-0.58
245.48,3.32,3.90,3.32,3.90,-3.91,-3.88,-4.09,-0.59,-0.59,-0.58
247.93,3.33,3.92,3.31,3.89,-3.88,-3.83,-4.07,-0.55,-0.57,-0.59
250.41,3.28,3.86,3.28,3.86,-3.84,-3.78,-4.03,-0.56,-0.56,-0.58
252.92,3.23,3.81,3.24,3.82,-3.81,-3.73,-4.00,-0.58,-0.56,-0.58
255.45,3.19,3.78,3.18,3.77,-3.77,-3.68,-3.96,-0.58,-0.58,-0.59
258.00,3.13,3.73,3.13,3.73,-3.72,-3.62,-3.92,-0.59,-0.59,-0.60
260.58,3.06,3.67,3.07,3.67,-3.67,-3.57,-3.87,-0.61,-0.60,-0.61
263.19,3.01,3.62,3.00,3.61,-3.62,-3.52,-3.82,-0.61,-0.62,-0.61
265.82,2.93,3.55,2.94,3.56,-3.56,-3.47,-3.76,-0.63,-0.63,-0.62
268.48,2.87,3.51,2.87,3.51,-3.52,-3.42,-3.70,-0.64,-0.64,-0.64
271.16,2.82,3.47,2.80,3.45,-3.47,-3.37,-3.64,-0.65,-0.67,-0.65
273.87,2.73,3.39,2.75,3.41,-3.43,-3.32,-3.57,-0.69,-0.67,-0.66
276.61,2.70,3.37,2.71,3.38,-3.38,-3.26,-3.50,-0.68,-0.68,-0.67
279.38,2.68,3.37,2.66,3.34,-3.34,-3.21,-3.43,-0.66,-0.68,-0.69
282.17,2.62,3.30,2.62,3.31,-3.29,-3.16,-3.36,-0.67,-0.67,-0.68
284.99,2.56,3.25,2.57,3.26,-3.24,-3.11,-3.28,-0.68,-0.67,-0.69
287.84,2.51,3.19,2.51,3.20,-3.18,-3.06,-3.20,-0.67,-0.67,-0.68
290.72,2.47,3.17,2.45,3.15,-3.13,-3.00,-3.12,-0.66,-0.67,-0.70
293.63,2.36,3.06,2.37,3.07,-3.07,-2.95,-3.04,-0.71,-0.69,-0.70
296.57,2.31,3.01,2.29,2.98,-3.01,-2.90,-2.96,-0.70,-0.72,-0.70
299.53,2.19,2.88,2.22,2.92,-2.95,-2.85,-2.88,-0.76,-0.73,-0.69
302.53,2.17,2.86,2.18,2.88,-2.90,-2.80,-2.80,-0.73,-0.72,-0.69
305.55,2.18,2.88,2.15,2.85,-2.85,-2.75,-2.72,-0.67,-0.70,-0.70
308.61,2.13,2.82,2.13,2.82,-2.81,-2.69,-2.63,-0.68,-0.68,-0.69
311.69,2.08,2.78,2.09,2.78,-2.76,-2.64,-2.55,-0.68,-0.68,-0.69
314.81,2.02,2.72,2.04,2.74,-2.72,-2.59,-2.47,-0.70,-0.68,-0.70
317.96,2.00,2.70,1.98,2.69,-2.68,-2.54,-2.39,-0.68,-0.69,-0.70
321.14,1.94,2.65,1.92,2.63,-2.63,-2.49,-2.31,-0.68,-0.70,-0.70
324.35,1.83,2.54,1.87,2.57,-2.57,-2.44,-2.23,-0.74,-0.70,-0.71
327.59,1.80,2.50,1.79,2.50,-2.50,-2.39,-2.15,-0.70,-0.71,-0.70
330.87,1.75,2.45,1.73,2.43,-2.44,-2.34,-2.07,-0.69,-0.71,-0.70
334.18,1.64,2.36,1.66,2.37,-2.37,-2.29,-2.00,-0.73,-0.71,-0.72
337.52,1.59,2.30,1.59,2.30,-2.30,-2.24,-1.92,-0.71,-0.71,-0.71
340.90,1.52,2.22,1.52,2.23,-2.23,-2.19,-1.85,-0.71,-0.71,-0.70
344.30,1.47,2.16,1.47,2.17,-2.16,-2.14,-1.77,-0.69,-0.69,-0.69
347.75,1.41,2.11,1.41,2.10,-2.09,-2.09,-1.70,-0.68,-0.69,-0.70
351.23,1.34,2.04,1.34,2.04,-2.03,-2.04,-1.63,-0.69,-0.69,-0.70
354.74,1.28,1.96,1.28,1.96,-1.97,-1.99,-1.56,-0.69,-0.69,-0.68
358.28,1.21,1.89,1.21,1.89,-1.91,-1.95,-1.49,-0.70,-0.70,-0.68
361.87,1.16,1.84,1.17,1.84,-1.85,-1.90,-1.42,-0.69,-0.69,-0.67
365.49,1.12,1.79,1.14,1.80,-1.80,-1.85,-1.36,-0.68,-0.66,-0.67
369.14,1.12,1.78,1.10,1.76,-1.75,-1.80,-1.29,-0.63,-0.65,-0.66
372.83,1.08,1.73,1.05,1.71,-1.70,-1.75,-1.23,-0.62,-0.65,-0.65
376.56,0.97,1.63,1.00,1.66,-1.65,-1.70,-1.16,-0.68,-0.65,-0.66
380.33,0.93,1.58,0.95,1.60,-1.60,-1.66,-1.10,-0.67,-0.66,-0.65
384.13,0.92,1.58,0.90,1.55,-1.56,-1.61,-1.04,-0.64,-0.66,-0.66
387.97,0.87,1.52,0.87,1.52,-1.51,-1.56,-0.98,-0.64,-0.64,-0.65
391.85,0.80,1.45,0.81,1.46,-1.46,-1.51,-0.92,-0.66,-0.65,-0.65
395.77,0.75,1.41,0.73,1.39,-1.41,-1.47,-0.87,-0.66,-0.68,-0.66
399.73,0.66,1.33,0.69,1.36,-1.36,-1.42,-0.81,-0.70,-0.67,-0.67
403.72,0.64,1.30,0.66,1.33,-1.32,-1.37,-0.75,-0.68,-0.66,-0.66
407.76,0.66,1.33,0.60,1.28,-1.27,-1.32,-0.70,-0.61,-0.67,-0.67
411.84,0.54,1.23,0.55,1.23,-1.22,-1.28,-0.65,-0.68,-0.67,-0.69
415.96,0.44,1.13,0.48,1.17,-1.16,-1.23,-0.59,-0.72,-0.68,-0.69
420.12,0.43,1.13,0.41,1.11,-1.11,-1.18,-0.54,-0.68,-0.70,-0.70
424.32,0.38,1.07,0.38,1.06,-1.05,-1.14,-0.49,-0.67,-0.68,-0.69
428.56,0.33,1.00,0.33,1.01,-1.00,-1.09,-0.44,-0.67,-0.66,-0.67
432.85,0.29,0.94,0.28,0.93,-0.95,-1.04,-0.39,-0.65,-0.67,-0.65
437.18,0.23,0.86,0.26,0.89,-0.90,-0.99,-0.35,-0.67,-0.65,-0.63
441.55,0.23,0.83,0.25,0.85,-0.87,-0.95,-0.30,-0.64,-0.62,-0.60
445.96,0.30,0.86,0.25,0.82,-0.84,-0.90,-0.26,-0.54,-0.59,-0.56
450.42,0.26,0.78,0.27,0.79,-0.82,-0.85,-0.21,-0.55,-0.54,-0.51
454.93,0.28,0.75,0.31,0.78,-0.78,-0.80,-0.17,-0.49,-0.46,-0.47
459.48,0.35,0.77,0.35,0.76,-0.73,-0.76,-0.13,-0.37,-0.37,-0.42
464.07,0.41,0.76,0.38,0.73,-0.66,-0.71,-0.09,-0.25,-0.28,-0.35
468.71,0.38,0.67,0.36,0.65,-0.59,-0.66,-0.05,-0.21,-0.23,-0.29
473.40,0.28,0.52,0.30,0.53,-0.51,-0.61,-0.02,-0.23,-0.21,-0.24
478.13,0.20,0.38,0.21,0.39,-0.42,-0.56,0.02,-0.22,-0.21,-0.18
482.91,0.16,0.29,0.14,0.27,-0.34,-0.51,0.05,-0.18,-0.19,-0.13
487.74,0.09,0.17,0.12,0.20,-0.25,-0.46,0.09,-0.16,-0.14,-0.08
492.62,0.10,0.14,0.10,0.15,-0.17,-0.41,0.12,-0.07,-0.07,-0.04
497.55,0.12,0.13,0.10,0.10,-0.10,-0.36,0.15,0.02,-0.00,-0.01
502.52,0.08,0.06,0.09,0.08,-0.04,-0.31,0.18,0.04,0.06,0.02
507.55,0.07,0.02,0.07,0.03,0.00,-0.26,0.20,0.07,0.07,0.05
512.62,0.04,-0.02,0.03,-0.03,0.03,-0.21,0.23,0.07,0.06,0.06
517.75,-0.02,-0.08,-0.03,-0.09,0.06,-0.16,0.25,0.05,0.03,0.07
522.93,-0.10,-0.15,-0.09,-0.14,0.10,-0.11,0.28,0.00,0.02,0.05
528.16,-0.15,-0.19,-0.11,-0.16,0.14,-0.06,0.30,-0.01,0.03,0.04
533.44,-0.12,-0.14,-0.14,-0.16,0.18,-0.00,0.32,0.06,0.05,0.02
538.77,-0.14,-0.13,-0.18,-0.18,0.22,0.05,0.34,0.08,0.04,-0.01
544.16,-0.28,-0.25,-0.28,-0.25,0.27,0.10,0.36,-0.01,-0.00,-0.03
549.60,-0.41,-0.35,-0.38,-0.33,0.32,0.16,0.38,-0.09,-0.06,-0.06
555.10,-0.51,-0.42,-0.48,-0.40,0.38,0.21,0.40,-0.13,-0.10,-0.09
560.65,-0.52,-0.40,-0.56,-0.44,0.44,0.27,0.42,-0.08,-0.11,-0.12
566.25,-0.65,-0.49,-0.65,-0.49,0.51,0.32,0.43,-0.14,-0.14,-0.16
571.92,-0.74,-0.56,-0.76,-0.57,0.56,0.38,0.45,-0.18,-0.19,-0.18
577.64,-0.89,-0.68,-0.87,-0.66,0.62,0.44,0.47,-0.27,-0.25,-0.21
583.41,-0.95,-0.72,-0.92,-0.69,0.67,0.49,0.48,-0.28,-0.25,-0.23
589.25,-0.94,-0.70,-0.95,-0.71,0.71,0.55,0.50,-0.23,-0.24,-0.24
595.14,-0.94,-0.69,-0.97,-0.72,0.75,0.61,0.51,-0.18,-0.22,-0.25
601.09,-1.02,-0.77,-1.01,-0.76,0.79,0.67,0.53,-0.23,-0.21,-0.25
607.10,-1.06,-0.83,-1.06,-0.82,0.82,0.72,0.55,-0.24,-0.23,-0.23
613.17,-1.09,-0.88,-1.09,-0.88,0.85,0.78,0.56,-0.24,-0.23,-0.21
619.30,-1.09,-0.92,-1.09,-0.91,0.88,0.84,0.58,-0.21,-0.20,-0.17
625.50,-1.06,-0.93,-1.06,-0.93,0.92,0.90,0.59,-0.14,-0.14,-0.13
631.75,-1.04,-0.96,-1.02,-0.94,0.97,0.96,0.61,-0.07,-0.05,-0.08
638.07,-0.97,-0.95,-0.99,-0.97,1.01,1.02,0.63,0.04,0.01,-0.02
644.45,-0.96,-1.00,-0.98,-1.02,1.04,1.08,0.64,0.08,0.06,0.04
650.89,-1.01,-1.11,-0.98,-1.08,1.07,1.14,0.66,0.06,0.09,0.10
657.40,-0.98,-1.16,-0.97,-1.14,1.10,1.19,0.68,0.12,0.13,0.18
663.98,-0.93,-1.16,-0.94,-1.17,1.13,1.25,0.70,0.20,0.19,0.23
670.62,-0.88,-1.18,-0.88,-1.18,1.16,1.31,0.72,0.29,0.28,0.30
677.32,-0.83,-1.20,-0.82,-1.18,1.20,1.37,0.73,0.37,0.39,0.37
684.10,-0.77,-1.20,-0.77,-1.20,1.24,1.42,0.75,0.47,0.46,0.43
690.94,-0.72,-1.21,-0.75,-1.24,1.27,1.47,0.78,0.55,0.51,0.49
697.85,-0.78,-1.31,-0.76,-1.30,1.30,1.53,0.80,0.53,0.55,0.54
704.83,-0.79,-1.37,-0.78,-1.36,1.35,1.58,0.82,0.56,0.57,0.59
711.87,-0.79,-1.41,-0.79,-1.42,1.39,1.63,0.84,0.60,0.60,0.63
718.99,-0.79,-1.45,-0.79,-1.45,1.45,1.68,0.87,0.66,0.66,0.67
726.18,-0.80,-1.49,-0.80,-1.50,1.50,1.72,0.89,0.70,0.70,0.69
733.44,-0.83,-1.54,-0.83,-1.55,1.56,1.76,0.91,0.73,0.73,0.71
740.78,-0.86,-1.60,-0.86,-1.60,1.61,1.81,0.94,0.75,0.75,0.74
748.19,-0.89,-1.66,-0.89,-1.66,1.66,1.84,0.97,0.77,0.77,0.77
755.67,-0.91,-1.70,-0.91,-1.71,1.71,1.88,0.99,0.80,0.80,0.79
763.23,-0.94,-1.76,-0.93,-1.76,1.76,1.91,1.02,0.82,0.83,0.82
770.86,-0.95,-1.80,-0.96,-1.81,1.81,1.94,1.05,0.86,0.85,0.85
778.57,-0.97,-1.86,-0.97,-1.87,1.85,1.97,1.08,0.88,0.88,0.89
786.35,-0.98,-1.91,-0.97,-1.91,1.89,1.99,1.11,0.91,0.92,0.93
794.22,-0.96,-1.95,-0.94,-1.93,1.93,2.01,1.14,0.97,0.98,0.99
802.16,-0.89,-1.93,-0.91,-1.95,1.96,2.03,1.17,1.07,1.05,1.04
810.18,-0.87,-1.96,-0.88,-1.97,2.00,2.05,1.20,1.13,1.12,1.09
818.28,-0.87,-2.01,-0.87,-2.01,2.02,2.05,1.23,1.15,1.16,1.14
826.46,-0.86,-2.05,-0.86,-2.05,2.05,2.06,1.26,1.19,1.19,1.19
834.73,-0.85,-2.11,-0.84,-2.09,2.07,2.07,1.29,1.22,1.23,1.26
843.08,-0.78,-2.09,-0.79,-2.11,2.09,2.07,1.32,1.31,1.30,1.31
851.51,-0.76,-2.13,-0.75,-2.13,2.12,2.07,1.35,1.36,1.37,1.37
860.02,-0.69,-2.12,-0.70,-2.13,2.15,2.07,1.38,1.46,1.45,1.43
868.62,-0.68,-2.17,-0.66,-2.15,2.17,2.06,1.41,1.49,1.51,1.49
877.31,-0.60,-2.14,-0.62,-2.16,2.19,2.05,1.44,1.59,1.57,1.54
886.08,-0.59,-2.19,-0.61,-2.21,2.20,2.04,1.47,1.61,1.59,1.60
894.94,-0.60,-2.24,-0.59,-2.24,2.22,2.03,1.50,1.62,1.63,1.64
903.89,-0.61,-2.30,-0.56,-2.25,2.24,2.01,1.53,1.63,1.68,1.69
912.93,-0.49,-2.23,-0.51,-2.25,2.25,1.99,1.56,1.76,1.74,1.74
922.06,-0.42,-2.21,-0.45,-2.25,2.25,1.98,1.59,1.83,1.80,1.79
931.28,-0.42,-2.26,-0.40,-2.25,2.25,1.96,1.61,1.83,1.85,1.84
940.59,-0.38,-2.27,-0.37,-2.26,2.25,1.94,1.64,1.87,1.88,1.89
950.00,-0.32,-2.25,-0.32,-2.25,2.23,1.91,1.66,1.92,1.92,1.93
959.50,-0.24,-2.21,-0.24,-2.22,2.22,1.89,1.68,1.98,1.98,1.97
969.09,-0.18,-2.20,-0.18,-2.20,2.21,1.87,1.70,2.03,2.03,2.02
978.78,-0.11,-2.17,-0.12,-2.18,2.20,1.85,1.72,2.09,2.08,2.06
988.57,-0.08,-2.19,-0.06,-2.17,2.18,1.82,1.74,2.10,2.12,2.11
998.46,-0.01,-2.15,-0.01,-2.15,2.16,1.80,1.76,2.16,2.16,2.14
1008.44,0.05,-2.13,0.03,-2.15,2.14,1.78,1.77,2.19,2.17,2.18
1018.53,0.08,-2.13,0.08,-2.13,2.12,1.75,1.79,2.20,2.20,2.21
1028.71,0.10,-2.14,0.13,-2.11,2.09,1.73,1.80,2.19,2.22,2.24
1039.00,0.21,-2.05,0.19,-2.07,2.06,1.71,1.81,2.27,2.25,2.26
1049.39,0.27,-2.02,0.27,-2.02,2.02,1.68,1.82,2.29,2.29,2.29
1059.88,0.34,-1.98,0.35,-1.97,1.98,1.66,1.83,2.32,2.34,2.32
1070.48,0.43,-1.92,0.42,-1.93,1.94,1.64,1.83,2.37,2.37,2.35
1081.19,0.50,-1.88,0.49,-1.89,1.90,1.62,1.84,2.40,2.39,2.38
1092.00,0.55,-1.86,0.56,-1.85,1.86,1.60,1.84,2.41,2.41,2.41
1102.92,0.61,-1.82,0.61,-1.82,1.81,1.58,1.85,2.42,2.42,2.43
1113.95,0.67,-1.77,0.67,-1.78,1.77,1.56,1.85,2.44,2.44,2.44
1125.09,0.73,-1.74,0.74,-1.73,1.72,1.54,1.86,2.45,2.45,2.47
1136.34,0.81,-1.68,0.81,-1.68,1.67,1.52,1.86,2.48,2.48,2.49
1147.70,0.89,-1.63,0.89,-1.63,1.62,1.50,1.86,2.51,2.51,2.52
1159.18,0.98,-1.57,0.99,-1.56,1.57,1.48,1.87,2.55,2.56,2.55
1170.77,1.07,-1.50,1.07,-1.50,1.53,1.46,1.87,2.60,2.60,2.57
1182.48,1.17,-1.44,1.15,-1.46,1.48,1.45,1.87,2.65,2.63,2.61
1194.30,1.21,-1.43,1.21,-1.43,1.44,1.43,1.88,2.65,2.66,2.64
1206.25,1.26,-1.43,1.27,-1.42,1.41,1.42,1.88,2.67,2.67,2.69
1218.31,1.32,-1.40,1.32,-1.40,1.38,1.40,1.89,2.70,2.70,2.72
1230.49,1.38,-1.37,1.39,-1.36,1.35,1.38,1.89,2.73,2.74,2.75
1242.80,1.46,-1.32,1.46,-1.32,1.33,1.37,1.90,2.79,2.79,2.78
1255.22,1.54,-1.27,1.52,-1.30,1.31,1.35,1.91,2.85,2.82,2.81
1267.78,1.56,-1.31,1.58,-1.28,1.28,1.34,1.91,2.84,2.87,2.87
1280.45,1.64,-1.27,1.64,-1.27,1.26,1.32,1.92,2.90,2.91,2.91
1293.26,1.73,-1.24,1.72,-1.25,1.24,1.31,1.94,2.97,2.96,2.97
1306.19,1.80,-1.23,1.81,-1.21,1.23,1.30,1.95,3.03,3.04,3.03
1319.25,1.90,-1.19,1.89,-1.20,1.21,1.28,1.96,3.11,3.10,3.09
1332.45,1.97,-1.18,1.95,-1.20,1.19,1.27,1.98,3.17,3.14,3.15
1345.77,2.00,-1.22,2.02,-1.20,1.18,1.26,2.00,3.18,3.20,3.22
1359.23,2.08,-1.21,2.11,-1.18,1.17,1.25,2.01,3.25,3.28,3.29
1372.82,2.22,-1.14,2.19,-1.16,1.16,1.24,2.03,3.38,3.36,3.36
1386.55,2.31,-1.12,2.29,-1.14,1.16,1.24,2.05,3.47,3.45,3.43
1400.41,2.34,-1.17,2.37,-1.14,1.16,1.24,2.08,3.50,3.53,3.51
1414.42,2.44,-1.15,2.43,-1.16,1.16,1.24,2.10,3.60,3.58,3.59
1428.56,2.50,-1.16,2.49,-1.18,1.16,1.24,2.13,3.66,3.64,3.66
1442.85,2.54,-1.21,2.56,-1.19,1.17,1.25,2.16,3.71,3.73,3.75
1457.28,2.63,-1.22,2.64,-1.20,1.20,1.27,2.19,3.83,3.84,3.85
1471.85,2.73,-1.20,2.73,-1.21,1.23,1.28,2.22,3.96,3.96,3.93
1486.57,2.83,-1.20,2.82,-1.21,1.27,1.31,2.25,4.10,4.09,4.03
1501.43,2.87,-1.26,2.87,-1.27,1.30,1.33,2.29,4.17,4.17,4.13
1516.45,2.90,-1.34,2.88,-1.36,1.33,1.37,2.32,4.23,4.21,4.24
1531.61,2.90,-1.46,2.92,-1.43,1.36,1.40,2.36,4.26,4.29,4.36
1546.93,2.96,-1.51,3.02,-1.45,1.40,1.43,2.40,4.36,4.42,4.47
1562.40,3.19,-1.40,3.14,-1.45,1.44,1.47,2.44,4.63,4.58,4.59
1578.02,3.30,-1.41,3.28,-1.43,1.48,1.51,2.48,4.78,4.75,4.71
1593.80,3.36,-1.46,3.38,-1.45,1.51,1.55,2.53,4.87,4.89,4.82
1609.74,3.43,-1.52,3.43,-1.52,1.54,1.59,2.57,4.97,4.97,4.95
1625.84,3.49,-1.59,3.49,-1.59,1.57,1.63,2.62,5.06,5.06,5.08
1642.10,3.55,-1.67,3.57,-1.64,1.61,1.67,2.66,5.16,5.19,5.22
1658.52,3.67,-1.68,3.67,-1.68,1.66,1.71,2.71,5.33,5.33,5.35
1675.10,3.78,-1.69,3.76,-1.71,1.71,1.75,2.75,5.49,5.48,5.47
1691.85,3.85,-1.75,3.86,-1.75,1.76,1.79,2.80,5.62,5.62,5.60
1708.77,3.93,-1.81,3.93,-1.81,1.81,1.84,2.85,5.74,5.75,5.74
1725.86,4.01,-1.87,4.01,-1.87,1.86,1.88,2.89,5.87,5.87,5.88
1743.12,4.10,-1.92,4.11,-1.91,1.91,1.92,2.94,6.01,6.02,6.02
1760.55,4.20,-1.96,4.20,-1.96,1.96,1.97,2.99,6.16,6.16,6.16
1778.15,4.30,-2.00,4.28,-2.02,2.02,2.01,3.03,6.32,6.30,6.30
1795.94,4.34,-2.09,4.35,-2.08,2.08,2.05,3.07,6.42,6.44,6.43
1813.90,4.41,-2.17,4.43,-2.15,2.15,2.10,3.11,6.56,6.58,6.58
1832.03,4.52,-2.20,4.51,-2.21,2.22,2.15,3.15,6.74,6.72,6.72
1850.36,4.60,-2.26,4.60,-2.27,2.28,2.19,3.19,6.88,6.88,6.86
1868.86,4.67,-2.33,4.67,-2.34,2.34,2.24,3.23,7.01,7.01,7.00
1887.55,4.72,-2.43,4.72,-2.43,2.40,2.29,3.26,7.12,7.12,7.15
1906.42,4.78,-2.51,4.78,-2.51,2.47,2.34,3.29,7.25,7.25,7.29
1925.49,4.85,-2.58,4.89,-2.55,2.54,2.39,3.32,7.39,7.42,7.43
1944.74,4.99,-2.59,4.99,-2.59,2.61,2.44,3.34,7.60,7.60,7.58
1964.19,5.14,-2.57,5.08,-2.64,2.68,2.49,3.36,7.82,7.76,7.71
1983.83,5.11,-2.75,5.15,-2.71,2.75,2.54,3.38,7.86,7.90,7.86
2003.67,5.18,-2.82,5.18,-2.82,2.81,2.60,3.39,7.99,7.99,8.00
2023.71,5.23,-2.90,5.20,-2.93,2.87,2.66,3.41,8.10,8.07,8.13
2043.94,5.24,-3.02,5.28,-2.98,2.94,2.71,3.41,8.18,8.22,8.26
2064.38,5.35,-3.03,5.36,-3.02,3.01,2.77,3.42,8.36,8.37,8.38
2085.03,5.49,-3.02,5.46,-3.06,3.08,2.83,3.42,8.57,8.54,8.51
2105.88,5.54,-3.11,5.56,-3.09,3.15,2.89,3.42,8.69,8.70,8.65
2126.94,5.63,-3.16,5.61,-3.18,3.21,2.95,3.42,8.84,8.82,8.79
2148.20,5.65,-3.27,5.65,-3.27,3.26,3.01,3.41,8.91,8.91,8.92
2169.69,5.68,-3.38,5.71,-3.35,3.31,3.08,3.40,8.99,9.02,9.06
2191.38,5.77,-3.42,5.77,-3.42,3.38,3.14,3.39,9.15,9.15,9.19
2213.30,5.87,-3.45,5.86,-3.46,3.44,3.21,3.38,9.31,9.30,9.32
2235.43,5.95,-3.50,5.96,-3.49,3.51,3.28,3.37,9.46,9.47,9.45
2257.78,6.03,-3.53,6.04,-3.53,3.57,3.35,3.35,9.60,9.61,9.56
2280.36,6.10,-3.58,6.07,-3.60,3.63,3.42,3.34,9.73,9.70,9.68
2303.17,6.09,-3.69,6.08,-3.70,3.69,3.49,3.32,9.78,9.77,9.78
2326.20,6.05,-3.84,6.09,-3.80,3.77,3.56,3.31,9.82,9.86,9.89
2349.46,6.11,-3.89,6.14,-3.85,3.86,3.63,3.29,9.97,9.99,10.00
2372.95,6.18,-3.90,6.16,-3.92,3.96,3.71,3.27,10.14,10.12,10.08
2396.68,6.23,-3.92,6.14,-4.01,4.07,3.78,3.26,10.30,10.21,10.15
2420.65,6.02,-4.21,6.08,-4.14,4.17,3.86,3.25,10.19,10.26,10.23
2444.86,5.98,-4.32,6.01,-4.30,4.27,3.94,3.23,10.25,10.28,10.30
2469.31,6.00,-4.39,5.97,-4.42,4.36,4.01,3.22,10.36,10.33,10.39
2494.00,5.98,-4.50,5.99,-4.48,4.44,4.09,3.21,10.42,10.44,10.48
2518.94,6.04,-4.52,6.02,-4.54,4.52,4.17,3.20,10.56,10.53,10.56
2544.13,6.04,-4.60,6.06,-4.59,4.58,4.25,3.19,10.62,10.64,10.64
2569.57,6.12,-4.63,6.14,-4.61,4.62,4.33,3.19,10.74,10.75,10.75
2595.27,6.24,-4.61,6.21,-4.64,4.64,4.41,3.19,10.88,10.86,10.85
2621.22,6.30,-4.66,6.30,-4.66,4.66,4.48,3.19,10.96,10.96,10.96
2647.43,6.37,-4.69,6.37,-4.68,4.68,4.56,3.19,11.06,11.06,11.06
2673.90,6.43,-4.72,6.44,-4.71,4.71,4.64,3.19,11.14,11.15,11.15
2700.64,6.50,-4.73,6.51,-4.73,4.74,4.72,3.20,11.24,11.25,11.23
2727.65,6.57,-4.74,6.55,-4.76,4.77,4.79,3.21,11.34,11.32,11.31
2754.93,6.57,-4.81,6.57,-4.81,4.81,4.87,3.22,11.38,11.38,11.38
2782.48,6.55,-4.88,6.55,-4.88,4.85,4.94,3.23,11.40,11.41,11.43
2810.30,6.53,-4.94,6.53,-4.94,4.92,5.01,3.25,11.45,11.44,11.47
2838.40,6.48,-5.01,6.51,-4.98,5.00,5.08,3.27,11.48,11.51,11.49
2866.79,6.50,-5.00,6.50,-5.01,5.09,5.15,3.29,11.59,11.59,11.50
2895.46,6.46,-5.06,6.42,-5.10,5.19,5.22,3.32,11.65,11.60,11.52
2924.41,6.33,-5.20,6.30,-5.23,5.26,5.28,3.35,11.59,11.55,11.53
2953.65,6.09,-5.45,6.16,-5.38,5.31,5.34,3.38,11.40,11.47,11.54
2983.19,6.06,-5.49,6.07,-5.48,5.34,5.39,3.41,11.40,11.41,11.55
3013.02,6.07,-5.49,6.07,-5.49,5.36,5.44,3.45,11.43,11.43,11.56
3043.15,6.15,-5.42,6.15,-5.41,5.37,5.49,3.49,11.52,11.53,11.57
3073.58,6.25,-5.32,6.27,-5.31,5.37,5.54,3.53,11.63,11.64,11.57
3104.32,6.36,-5.22,6.36,-5.23,5.36,5.57,3.58,11.72,11.71,11.58
3135.36,6.43,-5.16,6.36,-5.22,5.33,5.61,3.62,11.76,11.69,11.59
3166.72,6.29,-5.29,6.29,-5.29,5.29,5.64,3.67,11.58,11.58,11.58
3198.38,6.16,-5.40,6.20,-5.36,5.28,5.66,3.72,11.44,11.48,11.56
3230.37,6.11,-5.44,6.17,-5.38,5.29,5.68,3.77,11.40,11.46,11.55
3262.67,6.22,-5.31,6.19,-5.34,5.33,5.69,3.82,11.55,11.52,11.53
3295.30,6.25,-5.26,6.21,-5.31,5.39,5.70,3.88,11.64,11.60,11.51
3328.25,6.16,-5.34,6.17,-5.33,5.44,5.70,3.93,11.60,11.61,11.50
3361.53,6.04,-5.43,6.05,-5.42,5.48,5.69,3.99,11.52,11.53,11.47
3395.15,5.93,-5.52,5.92,-5.53,5.49,5.68,4.04,11.42,11.41,11.45
3429.10,5.80,-5.61,5.82,-5.59,5.49,5.66,4.10,11.29,11.31,11.41
3463.39,5.75,-5.62,5.76,-5.62,5.48,5.64,4.15,11.23,11.24,11.37
3498.03,5.77,-5.57,5.78,-5.55,5.47,5.60,4.21,11.24,11.25,11.34
3533.01,5.83,-5.46,5.87,-5.42,5.44,5.57,4.26,11.27,11.31,11.29
3568.34,5.97,-5.26,5.92,-5.31,5.39,5.53,4.31,11.37,11.31,11.23
3604.02,5.96,-5.20,5.91,-5.25,5.34,5.48,4.35,11.30,11.25,11.16
3640.06,5.80,-5.29,5.86,-5.23,5.29,5.42,4.39,11.09,11.15,11.09
3676.46,5.74,-5.26,5.74,-5.27,5.26,5.36,4.43,11.00,11.00,11.00
3713.22,5.68,-5.25,5.66,-5.27,5.25,5.30,4.47,10.93,10.91,10.93
3750.36,5.56,-5.29,5.61,-5.23,5.25,5.23,4.50,10.81,10.86,10.85
3787.86,5.57,-5.19,5.53,-5.24,5.26,5.16,4.52,10.83,10.78,10.76
3825.74,5.47,-5.21,5.42,-5.25,5.25,5.08,4.54,10.72,10.68,10.68
3864.00,5.29,-5.31,5.35,-5.25,5.22,4.99,4.55,10.51,10.57,10.60
3902.64,5.28,-5.24,5.31,-5.21,5.16,4.90,4.56,10.44,10.46,10.52
3941.66,5.35,-5.10,5.31,-5.14,5.07,4.81,4.56,10.42,10.38,10.45
3981.08,5.41,-4.98,5.39,-5.00,4.96,4.72,4.55,10.37,10.35,10.39
4020.89,5.42,-4.91,5.48,-4.84,4.84,4.62,4.53,10.26,10.33,10.33
4061.10,5.61,-4.66,5.60,-4.68,4.71,4.51,4.51,10.32,10.30,10.27
4101.71,5.74,-4.48,5.71,-4.51,4.56,4.41,4.48,10.30,10.27,10.22
4142.73,5.83,-4.36,5.82,-4.37,4.42,4.29,4.44,10.25,10.24,10.19
4184.15,5.87,-4.29,5.89,-4.27,4.29,4.18,4.39,10.16,10.18,10.16
4226.00,5.96,-4.18,5.97,-4.17,4.17,4.06,4.34,10.13,10.14,10.14
4268.26,6.08,-4.04,6.07,-4.05,4.06,3.94,4.28,10.14,10.13,10.12
4310.94,6.16,-3.93,6.15,-3.94,3.95,3.82,4.22,10.11,10.10,10.09
4354.05,6.23,-3.83,6.22,-3.84,3.83,3.69,4.15,10.06,10.05,10.06
4397.59,6.27,-3.75,6.29,-3.74,3.70,3.55,4.08,9.97,9.99,10.02
4441.56,6.37,-3.61,6.39,-3.60,3.55,3.42,4.00,9.93,9.94,9.98
4485.98,6.52,-3.43,6.51,-3.43,3.39,3.27,3.91,9.91,9.90,9.95
4530.84,6.69,-3.21,6.68,-3.23,3.21,3.12,3.83,9.91,9.89,9.90
4576.15,6.84,-3.03,6.86,-3.01,3.03,2.97,3.74,9.87,9.89,9.87
4621.91,7.04,-2.78,7.04,-2.79,2.83,2.81,3.65,9.87,9.87,9.82
4668.13,7.21,-2.56,7.20,-2.57,2.62,2.64,3.55,9.83,9.82,9.77
4714.81,7.35,-2.36,7.34,-2.37,2.39,2.46,3.46,9.74,9.73,9.71
4761.96,7.46,-2.17,7.45,-2.18,2.14,2.27,3.36,9.60,9.59,9.63
4809.58,7.56,-1.98,7.58,-1.95,1.87,2.08,3.26,9.44,9.46,9.54
4857.67,7.71,-1.71,7.74,-1.67,1.60,1.87,3.16,9.31,9.35,9.42
4906.25,7.95,-1.33,7.91,-1.37,1.33,1.65,3.07,9.28,9.24,9.28
4955.31,8.10,-1.03,8.10,-1.04,1.06,1.42,2.97,9.16,9.16,9.13
5004.87,8.22,-0.76,8.27,-0.71,0.80,1.18,2.87,9.02,9.07,8.98
5054.91,8.42,-0.41,8.38,-0.44,0.55,0.92,2.77,8.97,8.93,8.83
5105.46,8.48,-0.19,8.44,-0.23,0.30,0.66,2.68,8.78,8.73,8.67
5156.52,8.42,-0.08,8.44,-0.06,0.05,0.38,2.58,8.47,8.49,8.50
5208.08,8.38,0.06,8.42,0.10,-0.19,0.11,2.49,8.19,8.23,8.32
5260.16,8.42,0.29,8.43,0.31,-0.43,-0.16,2.40,7.99,8.00,8.13
5312.77,8.52,0.60,8.47,0.55,-0.66,-0.42,2.31,7.86,7.80,7.92
5365.89,8.51,0.81,8.53,0.82,-0.88,-0.64,2.22,7.63,7.65,7.70
5419.55,8.52,1.03,8.58,1.09,-1.06,-0.85,2.13,7.46,7.51,7.49
5473.75,8.63,1.35,8.58,1.30,-1.20,-0.98,2.04,7.43,7.37,7.28
5528.49,8.54,1.47,8.52,1.45,-1.29,-1.10,1.95,7.26,7.23,7.07
5583.77,8.33,1.46,8.33,1.47,-1.30,-1.12,1.87,7.03,7.03,6.87
5639.61,8.04,1.38,8.00,1.34,-1.25,-1.12,1.79,6.79,6.75,6.66
5696.00,7.61,1.15,7.61,1.16,-1.14,-1.03,1.70,6.47,6.47,6.46
5752.96,7.16,0.90,7.19,0.94,-1.00,-0.94,1.62,6.16,6.18,6.26
5810.49,6.83,0.78,6.77,0.73,-0.85,-0.79,1.55,5.98,5.92,6.05
5868.60,6.38,0.55,6.41,0.58,-0.70,-0.64,1.47,5.68,5.71,5.83
5927.28,6.10,0.48,6.09,0.48,-0.57,-0.48,1.39,5.53,5.52,5.62
5986.56,5.83,0.44,5.79,0.42,-0.46,-0.32,1.32,5.37,5.33,5.39
6046.42,5.54,0.40,5.52,0.40,-0.37,-0.17,1.24,5.17,5.15,5.14
6106.89,5.25,0.38,5.25,0.38,-0.31,-0.03,1.17,4.94,4.93,4.87
6167.96,4.96,0.34,4.93,0.33,-0.27,0.10,1.10,4.69,4.67,4.62
6229.64,4.64,0.28,4.57,0.21,-0.22,0.22,1.03,4.43,4.36,4.36
6291.93,4.18,0.07,4.22,0.10,-0.14,0.31,0.96,4.04,4.08,4.11
6354.85,3.81,-0.06,3.93,0.03,-0.05,0.41,0.89,3.77,3.88,3.87
6418.40,3.62,-0.01,3.68,-0.01,0.07,0.47,0.82,3.69,3.74,3.63
6482.58,3.38,-0.02,3.40,-0.10,0.19,0.54,0.76,3.57,3.59,3.40
6547.41,2.93,-0.26,3.13,-0.23,0.30,0.58,0.69,3.23,3.43,3.19
6612.88,2.35,-0.66,2.81,-0.43,0.40,0.62,0.63,2.75,3.22,3.01
6679.01,2.10,-0.74,2.58,-0.58,0.48,0.63,0.57,2.58,3.06,2.84
6745.80,1.63,-1.03,2.48,-0.62,0.54,0.65,0.51,2.17,3.02,2.66
6813.26,1.47,-1.01,2.46,-0.62,0.57,0.64,0.45,2.05,3.03,2.48
6881.39,1.26,-1.03,2.46,-0.61,0.58,0.63,0.39,1.84,3.03,2.29
6950.21,0.84,-1.26,2.54,-0.53,0.55,0.60,0.34,1.39,3.09,2.10
7019.71,0.67,-1.22,2.64,-0.47,0.48,0.57,0.28,1.15,3.12,1.89
7089.91,0.60,-1.08,2.75,-0.39,0.40,0.51,0.23,1.00,3.14,1.68
7160.81,0.28,-1.16,2.88,-0.30,0.31,0.45,0.18,0.59,3.19,1.44
7232.41,0.05,-1.13,2.99,-0.22,0.23,0.37,0.14,0.28,3.23,1.18
7304.74,-0.03,-0.92,3.10,-0.14,0.16,0.29,0.09,0.13,3.27,0.89
7377.79,-0.12,-0.71,3.19,-0.08,0.10,0.18,0.05,-0.02,3.29,0.59
7451.56,-0.28,-0.54,3.25,-0.04,0.05,0.07,0.01,-0.23,3.30,0.26
7526.08,-0.64,-0.57,3.30,-0.01,0.01,-0.05,-0.02,-0.63,3.30,-0.07
7601.34,-0.70,-0.30,3.33,0.02,-0.02,-0.17,-0.05,-0.72,3.31,-0.40
7677.35,-0.64,0.05,3.34,0.03,-0.04,-0.27,-0.07,-0.68,3.30,-0.69
7754.13,-0.79,0.17,3.34,0.04,-0.05,-0.37,-0.10,-0.84,3.28,-0.96
7831.67,-0.79,0.41,3.33,0.05,-0.06,-0.40,-0.11,-0.85,3.27,-1.20
7909.98,-0.63,0.75,3.31,0.05,-0.07,-0.44,-0.12,-0.70,3.24,-1.38
7989.08,-0.65,0.86,3.28,0.05,-0.07,-0.37,-0.13,-0.71,3.21,-1.51
8068.98,-0.30,1.30,3.23,0.05,-0.05,-0.30,-0.13,-0.35,3.18,-1.60
8149.67,0.13,1.75,3.17,0.03,-0.02,-0.15,-0.13,0.11,3.15,-1.62
8231.16,0.52,2.08,3.09,-0.01,0.02,0.01,-0.12,0.54,3.11,-1.56
8313.47,1.06,2.50,2.98,-0.07,0.09,0.21,-0.10,1.15,3.07,-1.44
8396.61,1.41,2.66,2.83,-0.17,0.19,0.41,-0.09,1.60,3.02,-1.25
8480.57,1.74,2.72,2.65,-0.29,0.31,0.61,-0.06,2.05,2.96,-0.98
8565.38,2.16,2.84,2.44,-0.45,0.46,0.82,-0.04,2.62,2.90,-0.68
8651.03,2.29,2.58,2.20,-0.63,0.63,1.01,-0.00,2.92,2.83,-0.29
8737.54,2.14,2.00,1.94,-0.82,0.82,1.19,0.03,2.96,2.76,0.14
8824.92,2.32,1.69,1.66,-1.04,1.03,1.36,0.07,3.35,2.69,0.63
8913.17,2.49,1.37,1.37,-1.26,1.25,1.52,0.12,3.74,2.62,1.12
9002.30,2.50,0.88,1.07,-1.49,1.48,1.67,0.16,3.98,2.55,1.62
9092.32,1.76,-0.32,0.77,-1.72,1.71,1.81,0.21,3.47,2.48,2.08
9183.25,1.20,-1.33,0.47,-1.95,1.94,1.94,0.27,3.14,2.41,2.53
9275.08,0.70,-2.24,0.17,-2.18,2.18,2.06,0.32,2.88,2.34,2.94
9367.83,0.10,-3.25,-0.14,-2.41,2.41,2.17,0.38,2.51,2.27,3.35
9461.51,-0.06,-3.82,-0.44,-2.63,2.64,2.29,0.44,2.58,2.20,3.76
9556.12,0.26,-3.89,-0.75,-2.86,2.88,2.39,0.50,3.14,2.13,4.15
9651.68,0.44,-4.05,-1.05,-3.08,3.11,2.49,0.56,3.55,2.06,4.49
9748.20,0.93,-3.87,-1.36,-3.30,3.32,2.59,0.62,4.26,1.96,4.80
9845.68,1.33,-3.75,-1.67,-3.52,3.52,2.68,0.69,4.85,1.85,5.08
9944.14,1.38,-3.97,-1.98,-3.73,3.69,2.78,0.76,5.07,1.71,5.35
10043.58,1.05,-4.55,-2.29,-3.94,3.84,2.87,0.82,4.89,1.55,5.60
10144.02,0.94,-4.91,-2.51,-4.00,3.96,2.95,0.89,4.90,1.45,5.85
10245.46,0.87,-5.22,-2.73,-4.05,4.06,3.04,0.96,4.93,1.33,6.09
10347.91,0.32,-6.00,-2.95,-4.10,4.13,3.12,1.04,4.45,1.18,6.32
10451.39,0.38,-6.15,-3.18,-4.15,4.19,3.21,1.11,4.57,1.01,6.53
10555.91,0.62,-6.09,-3.41,-4.20,4.23,3.29,1.19,4.85,0.82,6.71
10661.46,1.15,-5.71,-3.64,-4.25,4.26,3.37,1.27,5.41,0.62,6.86
10768.08,1.47,-5.47,-3.87,-4.30,4.30,3.45,1.35,5.77,0.42,6.94
10875.76,1.52,-5.43,-4.11,-4.34,4.34,3.53,1.43,5.86,0.23,6.95
10984.52,1.47,-5.41,-4.35,-4.39,4.39,3.61,1.51,5.86,0.04,6.88
11094.36,1.01,-5.71,-4.59,-4.43,4.43,3.68,1.60,5.44,-0.16,6.72
11205.31,0.77,-5.69,-4.83,-4.47,4.47,3.76,1.69,5.24,-0.36,6.46
11317.36,0.46,-5.63,-5.08,-4.51,4.51,3.83,1.79,4.97,-0.57,6.09
11430.53,0.22,-5.42,-5.33,-4.54,4.54,3.90,1.88,4.77,-0.78,5.64
11544.84,-0.47,-5.57,-5.58,-4.58,4.58,3.98,1.98,4.11,-1.00,5.10
11660.29,-1.16,-5.65,-5.83,-4.62,4.62,4.05,2.09,3.46,-1.21,4.49
11776.89,-1.99,-5.80,-6.09,-4.65,4.65,4.11,2.20,2.66,-1.44,3.81
11894.66,-2.68,-5.74,-6.34,-4.68,4.68,4.18,2.32,2.00,-1.66,3.06
12013.60,-2.93,-5.16,-6.60,-4.71,4.71,4.25,2.43,1.78,-1.89,2.23
12133.74,-2.62,-4.00,-6.86,-4.74,4.74,4.31,2.56,2.12,-2.13,1.38
12255.08,-2.33,-2.83,-7.13,-4.77,4.77,4.37,2.70,2.44,-2.36,0.50
12377.63,-2.27,-1.88,-7.40,-4.79,4.79,4.43,2.84,2.52,-2.60,-0.39
12501.41,-2.63,-1.34,-7.67,-4.82,4.82,4.49,2.99,2.19,-2.85,-1.29
12626.42,-3.40,-1.22,-7.94,-4.84,4.84,4.55,3.15,1.44,-3.10,-2.18
12752.68,-4.69,-1.66,-8.21,-4.86,4.86,4.61,3.31,0.17,-3.35,-3.03
12880.21,-6.03,-2.21,-8.49,-4.88,4.88,4.66,3.49,-1.15,-3.61,-3.82
13009.01,-7.54,-2.99,-8.77,-4.90,4.90,4.71,3.68,-2.64,-3.87,-4.55
13139.10,-8.84,-3.63,-9.05,-4.92,4.92,4.76,3.89,-3.92,-4.13,-5.21
13270.49,-9.76,-3.99,-9.33,-4.93,4.93,4.81,4.10,-4.83,-4.40,-5.77
13403.20,-10.58,-4.35,-9.62,-4.95,4.95,4.86,4.33,-5.63,-4.67,-6.23
13537.23,-11.20,-4.61,-9.90,-4.96,4.96,4.90,4.58,-6.24,-4.94,-6.59
13672.60,-12.21,-5.33,-10.19,-4.97,4.97,4.94,4.85,-7.24,-5.22,-6.88
13809.33,-12.87,-5.78,-10.49,-4.98,4.98,4.98,5.14,-7.89,-5.51,-7.09
13947.42,-13.61,-6.37,-10.78,-4.99,4.99,5.02,5.45,-8.62,-5.79,-7.24
14086.90,-14.29,-6.93,-11.08,-5.00,5.00,5.06,5.78,-9.29,-6.08,-7.36
14227.77,-14.87,-7.41,-11.38,-5.00,5.00,5.09,6.14,-9.87,-6.38,-7.46
14370.04,-15.54,-7.97,-11.68,-5.01,5.01,5.13,6.52,-10.53,-6.68,-7.57
14513.74,-16.38,-8.69,-11.99,-5.01,5.01,5.16,6.95,-11.37,-6.98,-7.69
14658.88,-17.25,-9.40,-12.29,-5.01,5.01,5.19,7.38,-12.24,-7.28,-7.85
14805.47,-17.96,-9.90,-12.60,-5.01,5.01,5.21,7.86,-12.95,-7.59,-8.06
14953.52,-19.04,-10.75,-12.91,-5.01,5.01,5.24,8.35,-14.03,-7.91,-8.29
15103.06,-20.38,-11.79,-13.23,-5.00,5.00,5.26,8.87,-15.38,-8.22,-8.59
15254.09,-21.30,-12.38,-13.54,-5.00,5.00,5.28,9.38,-16.30,-8.55,-8.92
15406.63,-22.47,-13.18,-13.86,-4.99,4.99,5.30,9.88,-17.48,-8.87,-9.29
15560.70,-24.49,-14.83,-14.18,-4.99,4.99,5.32,10.33,-19.50,-9.20,-9.66
15716.30,-25.39,-15.34,-14.51,-4.98,4.98,5.34,10.68,-20.41,-9.53,-10.05
15873.47,-26.65,-16.22,-14.83,-4.97,4.97,5.36,10.92,-21.68,-9.87,-10.43
16032.20,-27.51,-16.68,-15.16,-4.95,4.95,5.37,10.95,-22.56,-10.21,-10.83
16192.52,-27.84,-16.55,-15.49,-4.94,4.94,5.39,10.84,-22.90,-10.55,-11.29
16354.45,-27.60,-15.88,-15.82,-4.93,4.93,5.40,10.47,-22.67,-10.90,-11.72
16517.99,-26.93,-14.82,-16.16,-4.91,4.91,5.41,10.01,-22.02,-11.25,-12.11
16683.17,-24.85,-12.35,-16.50,-4.89,4.89,5.42,9.37,-19.96,-11.61,-12.50
16850.01,-23.06,-10.20,-16.84,-4.87,4.87,5.43,8.71,-18.19,-11.97,-12.86
17018.51,-20.81,-7.59,-17.18,-4.85,4.85,5.44,7.99,-15.96,-12.33,-13.22
17188.69,-19.21,-5.56,-17.52,-4.83,4.83,5.44,7.27,-14.38,-12.69,-13.65
17360.58,-18.18,-4.11,-17.87,-4.81,4.81,5.45,6.58,-13.37,-13.07,-14.07
17534.18,-17.01,-2.53,-18.22,-4.78,4.78,5.45,5.91,-12.23,-13.44,-14.48
17709.53,-16.07,-1.19,-18.57,-4.75,4.75,5.46,5.29,-11.31,-13.82,-14.88
17886.62,-15.62,-0.35,-18.93,-4.73,4.73,5.46,4.70,-10.89,-14.20,-15.27
18065.49,-15.46,0.19,-19.28,-4.70,4.70,5.47,4.17,-10.76,-14.59,-15.65
18246.14,-15.41,0.66,-19.64,-4.67,4.67,5.47,3.67,-10.74,-14.98,-16.07
18428.60,-15.42,1.07,-20.00,-4.63,4.63,5.47,3.22,-10.79,-15.37,-16.49
18612.89,-15.39,1.48,-20.37,-4.60,4.60,5.47,2.80,-10.79,-15.77,-16.87
18799.02,-15.29,1.95,-20.73,-4.56,4.56,5.48,2.43,-10.72,-16.17,-17.24
18987.01,-15.14,2.44,-21.10,-4.53,4.53,5.48,2.09,-10.61,-16.57,-17.58
19176.88,-15.12,2.86,-21.47,-4.49,4.49,5.48,1.79,-10.63,-16.98,-17.98
19368.65,-14.92,3.46,-21.84,-4.45,4.45,5.48,1.51,-10.47,-17.39,-18.38
19562.33,-14.50,4.24,-22.22,-4.41,4.41,5.48,1.27,-10.09,-17.81,-18.74
19757.96,-14.16,4.92,-22.60,-4.37,4.37,5.48,1.03,-9.79,-18.23,-19.08
19955.54,-14.02,5.39,-22.98,-4.32,4.32,5.48,0.79,-9.70,-18.65,-19.41
