frequency,raw,error,smoothed,error_smoothed,equalization,parametric_eq,fixed_band_eq,equalized_raw,equalized_smoothed,target
20.00,-8.16,-12.33,-8.16,-12.33,6.00,5.32,2.67,-2.16,-2.16,4.17
20.20,-8.08,-12.26,-8.08,-12.26,6.00,5.36,2.74,-2.08,-2.08,4.18
20.40,-8.01,-12.20,-8.01,-12.19,6.00,5.39,2.82,-2.01,-2.01,4.19
20.61,-7.93,-12.12,-7.93,-12.12,6.00,5.42,2.90,-1.93,-1.93,4.18
20.81,-7.85,-12.05,-7.85,-12.05,6.00,5.45,2.98,-1.85,-1.85,4.19
21.02,-7.77,-11.97,-7.77,-11.97,6.00,5.48,3.06,-1.77,-1.77,4.19
21.23,-7.70,-11.91,-7.70,-11.90,6.00,5.51,3.15,-1.70,-1.70,4.20
21.44,-7.62,-11.82,-7.62,-11.82,6.00,5.54,3.24,-1.62,-1.62,4.20
21.66,-7.54,-11.75,-7.54,-11.75,6.00,5.57,3.33,-1.54,-1.54,4.20
21.87,-7.46,-11.66,-7.46,-11.67,6.00,5.60,3.43,-1.46,-1.46,4.20
22.09,-7.39,-11.60,-7.39,-11.60,6.00,5.63,3.52,-1.39,-1.39,4.21
22.31,-7.32,-11.53,-7.32,-11.53,6.00,5.66,3.62,-1.32,-1.32,4.21
22.54,-7.26,-11.47,-7.26,-11.46,6.00,5.69,3.72,-1.26,-1.26,4.20
22.76,-7.19,-11.38,-7.19,-11.39,6.00,5.72,3.83,-1.19,-1.19,4.19
22.99,-7.12,-11.31,-7.12,-11.32,6.00,5.75,3.94,-1.12,-1.12,4.19
23.22,-7.06,-11.25,-7.06,-11.25,6.00,5.77,4.05,-1.06,-1.06,4.19
23.45,-6.99,-11.17,-6.99,-11.18,6.00,5.80,4.16,-0.99,-0.99,4.18
23.69,-6.93,-11.11,-6.93,-11.11,6.00,5.83,4.27,-0.93,-0.93,4.18
23.92,-6.86,-11.04,-6.86,-11.04,6.00,5.85,4.39,-0.86,-0.86,4.18
24.16,-6.79,-10.97,-6.79,-10.97,6.00,5.88,4.51,-0.79,-0.79,4.18
24.40,-6.72,-10.90,-6.72,-10.90,6.00,5.90,4.63,-0.72,-0.72,4.18
24.65,-6.64,-10.82,-6.64,-10.82,6.00,5.93,4.75,-0.64,-0.64,4.18
24.89,-6.57,-10.75,-6.57,-10.75,6.00,5.95,4.88,-0.57,-0.57,4.18
25.14,-6.50,-10.68,-6.50,-10.67,6.00,5.97,5.00,-0.50,-0.50,4.18
25.39,-6.43,-10.60,-6.43,-10.60,6.00,5.99,5.13,-0.43,-0.43,4.17
25.65,-6.36,-10.53,-6.36,-10.53,6.00,6.02,5.26,-0.36,-0.36,4.17
25.91,-6.30,-10.47,-6.30,-10.47,6.00,6.04,5.38,-0.30,-0.30,4.17
26.16,-6.25,-10.42,-6.26,-10.43,6.00,6.06,5.51,-0.25,-0.26,4.17
26.43,-6.23,-10.40,-6.23,-10.40,6.00,6.08,5.64,-0.23,-0.23,4.17
26.69,-6.21,-10.38,-6.21,-10.37,6.00,6.10,5.77,-0.21,-0.21,4.16
26.96,-6.18,-10.35,-6.17,-10.34,6.00,6.12,5.89,-0.18,-0.17,4.16
27.23,-6.12,-10.29,-6.12,-10.29,6.00,6.14,6.01,-0.12,-0.12,4.16
27.50,-6.05,-10.21,-6.06,-10.22,6.00,6.16,6.13,-0.05,-0.06,4.16
27.77,-5.98,-10.14,-5.98,-10.14,6.00,6.17,6.25,0.02,0.02,4.16
28.05,-5.90,-10.06,-5.90,-10.06,6.00,6.19,6.36,0.10,0.10,4.16
28.33,-5.82,-9.98,-5.82,-9.98,6.00,6.21,6.47,0.18,0.18,4.16
28.62,-5.73,-9.89,-5.73,-9.89,6.00,6.22,6.57,0.27,0.27,4.16
28.90,-5.65,-9.82,-5.66,-9.83,6.00,6.24,6.67,0.35,0.34,4.17
29.19,-5.61,-9.78,-5.62,-9.79,6.00,6.25,6.76,0.39,0.38,4.17
29.48,-5.60,-9.77,-5.60,-9.77,6.00,6.27,6.84,0.40,0.40,4.17
29.78,-5.58,-9.76,-5.58,-9.75,6.00,6.28,6.92,0.42,0.42,4.18
30.08,-5.55,-9.73,-5.54,-9.72,6.00,6.29,6.98,0.45,0.46,4.17
30.38,-5.49,-9.67,-5.50,-9.67,6.00,6.31,7.04,0.51,0.50,4.17
30.68,-5.43,-9.60,-5.43,-9.61,6.00,6.32,7.08,0.57,0.57,4.17
30.99,-5.37,-9.54,-5.37,-9.54,6.00,6.33,7.12,0.63,0.63,4.17
31.30,-5.30,-9.47,-5.31,-9.48,6.00,6.34,7.15,0.70,0.69,4.17
31.61,-5.24,-9.41,-5.24,-9.41,6.00,6.35,7.16,0.76,0.76,4.17
31.93,-5.17,-9.34,-5.17,-9.34,6.00,6.36,7.17,0.83,0.83,4.17
32.24,-5.10,-9.26,-5.10,-9.27,6.00,6.37,7.17,0.90,0.90,4.16
32.57,-5.04,-9.20,-5.04,-9.19,6.00,6.37,7.16,0.96,0.96,4.15
32.89,-4.97,-9.12,-4.97,-9.12,6.00,6.38,7.14,1.03,1.03,4.15
33.22,-4.91,-9.05,-4.91,-9.05,6.00,6.39,7.11,1.09,1.09,4.14
33.55,-4.84,-8.98,-4.84,-8.98,6.00,6.39,7.08,1.16,1.16,4.14
33.89,-4.78,-8.91,-4.78,-8.91,6.00,6.40,7.04,1.22,1.22,4.13
34.23,-4.71,-8.84,-4.71,-8.84,6.00,6.40,6.99,1.29,1.29,4.13
34.57,-4.64,-8.77,-4.64,-8.77,6.00,6.41,6.94,1.36,1.36,4.13
34.92,-4.57,-8.70,-4.57,-8.69,6.00,6.41,6.88,1.43,1.43,4.12
35.27,-4.49,-8.61,-4.49,-8.61,6.00,6.41,6.82,1.51,1.51,4.12
35.62,-4.42,-8.54,-4.42,-8.54,6.00,6.42,6.76,1.58,1.58,4.12
35.97,-4.35,-8.47,-4.36,-8.48,6.00,6.42,6.69,1.65,1.64,4.12
36.33,-4.31,-8.43,-4.31,-8.43,6.00,6.42,6.62,1.69,1.69,4.12
36.70,-4.28,-8.39,-4.28,-8.39,6.00,6.42,6.55,1.72,1.72,4.11
37.06,-4.25,-8.36,-4.25,-8.36,6.00,6.42,6.49,1.75,1.75,4.11
37.43,-4.22,-8.33,-4.22,-8.33,6.00,6.42,6.42,1.78,1.78,4.11
37.81,-4.18,-8.30,-4.18,-8.29,6.00,6.41,6.35,1.82,1.82,4.12
38.19,-4.14,-8.25,-4.14,-8.26,6.00,6.41,6.28,1.86,1.86,4.11
38.57,-4.09,-8.20,-4.09,-8.21,6.00,6.41,6.22,1.91,1.91,4.11
38.95,-4.04,-8.16,-4.03,-8.14,6.00,6.40,6.16,1.96,1.97,4.12
39.34,-3.96,-8.07,-3.95,-8.07,6.00,6.40,6.10,2.04,2.05,4.11
39.74,-3.87,-7.98,-3.88,-7.99,6.00,6.39,6.04,2.13,2.12,4.11
40.14,-3.81,-7.92,-3.82,-7.93,6.00,6.39,5.99,2.19,2.18,4.11
40.54,-3.79,-7.90,-3.79,-7.89,6.00,6.38,5.94,2.21,2.21,4.10
40.94,-3.77,-7.87,-3.76,-7.86,6.00,6.37,5.89,2.23,2.24,4.10
41.35,-3.73,-7.83,-3.73,-7.82,6.00,6.37,5.85,2.27,2.27,4.10
41.76,-3.68,-7.76,-3.68,-7.77,6.00,6.36,5.81,2.32,2.32,4.08
42.18,-3.63,-7.71,-3.64,-7.72,6.00,6.35,5.78,2.37,2.36,4.08
42.60,-3.59,-7.67,-3.59,-7.67,6.00,6.34,5.75,2.41,2.41,4.08
43.03,-3.55,-7.62,-3.54,-7.61,6.00,6.33,5.72,2.45,2.46,4.07
43.46,-3.48,-7.55,-3.48,-7.54,6.00,6.32,5.70,2.52,2.52,4.07
43.90,-3.41,-7.47,-3.43,-7.48,6.00,6.30,5.68,2.59,2.57,4.05
44.33,-3.38,-7.43,-3.39,-7.44,6.00,6.29,5.67,2.62,2.61,4.05
44.78,-3.37,-7.41,-3.36,-7.40,6.00,6.28,5.66,2.63,2.64,4.04
45.23,-3.34,-7.38,-3.33,-7.37,6.00,6.27,5.66,2.66,2.67,4.04
45.68,-3.29,-7.32,-3.30,-7.33,6.00,6.25,5.66,2.71,2.70,4.03
46.13,-3.24,-7.28,-3.25,-7.28,6.00,6.24,5.66,2.76,2.75,4.04
46.60,-3.20,-7.23,-3.20,-7.23,6.00,6.22,5.67,2.80,2.80,4.03
47.06,-3.15,-7.19,-3.15,-7.19,6.00,6.20,5.68,2.85,2.85,4.04
47.53,-3.10,-7.14,-3.10,-7.14,6.00,6.19,5.70,2.90,2.90,4.04
48.01,-3.05,-7.09,-3.05,-7.09,6.00,6.17,5.72,2.95,2.95,4.04
48.49,-3.00,-7.05,-3.00,-7.05,6.00,6.15,5.74,3.00,3.00,4.05
48.97,-2.95,-7.00,-2.95,-7.00,6.00,6.13,5.77,3.05,3.05,4.05
49.46,-2.90,-6.95,-2.90,-6.95,6.00,6.12,5.80,3.10,3.10,4.05
49.96,-2.85,-6.92,-2.87,-6.93,6.00,6.10,5.83,3.15,3.13,4.07
50.46,-2.85,-6.92,-2.85,-6.92,6.00,6.08,5.87,3.15,3.15,4.07
50.96,-2.85,-6.93,-2.85,-6.93,6.00,6.06,5.91,3.15,3.15,4.08
51.47,-2.85,-6.93,-2.85,-6.93,6.00,6.03,5.95,3.15,3.15,4.08
51.99,-2.85,-6.93,-2.85,-6.94,6.00,6.01,5.99,3.15,3.15,4.08
52.51,-2.84,-6.93,-2.85,-6.93,6.00,5.99,6.03,3.16,3.15,4.08
53.03,-2.84,-6.93,-2.82,-6.91,6.00,5.97,6.08,3.16,3.18,4.09
53.56,-2.79,-6.88,-2.79,-6.88,6.00,5.94,6.12,3.21,3.21,4.09
54.10,-2.75,-6.85,-2.77,-6.86,6.00,5.92,6.16,3.25,3.23,4.10
54.64,-2.75,-6.85,-2.75,-6.84,6.00,5.90,6.21,3.25,3.25,4.10
55.18,-2.75,-6.85,-2.74,-6.84,6.00,5.87,6.25,3.25,3.26,4.10
55.74,-2.75,-6.84,-2.76,-6.85,6.00,5.85,6.29,3.25,3.24,4.08
56.29,-2.78,-6.87,-2.79,-6.87,6.00,5.82,6.33,3.22,3.21,4.08
56.86,-2.84,-6.92,-2.83,-6.91,6.00,5.79,6.37,3.16,3.17,4.08
57.42,-2.88,-6.95,-2.88,-6.95,6.00,5.77,6.40,3.12,3.12,4.07
58.00,-2.93,-6.99,-2.94,-7.00,6.00,5.74,6.42,3.07,3.06,4.06
58.58,-3.00,-7.05,-3.00,-7.04,6.00,5.71,6.45,3.00,3.00,4.04
59.16,-3.07,-7.10,-3.08,-7.11,6.00,5.69,6.47,2.93,2.92,4.03
59.76,-3.16,-7.18,-3.15,-7.17,6.00,5.66,6.48,2.84,2.85,4.02
60.35,-3.25,-7.25,-3.24,-7.24,6.00,5.63,6.48,2.75,2.76,3.99
60.96,-3.34,-7.31,-3.36,-7.34,6.00,5.60,6.48,2.66,2.64,3.97
61.57,-3.53,-7.47,-3.55,-7.49,6.00,5.57,6.48,2.47,2.45,3.94
62.18,-3.75,-7.66,-3.76,-7.67,6.00,5.54,6.46,2.25,2.24,3.91
62.80,-4.01,-7.89,-3.96,-7.83,6.00,5.51,6.44,1.99,2.04,3.87
63.43,-4.12,-7.95,-4.12,-7.95,6.00,5.48,6.41,1.88,1.88,3.83
64.07,-4.19,-7.98,-4.25,-8.04,6.00,5.45,6.38,1.81,1.75,3.79
64.71,-4.36,-8.10,-4.32,-8.07,6.00,5.42,6.33,1.64,1.68,3.74
65.35,-4.39,-8.09,-4.36,-8.06,6.00,5.38,6.29,1.61,1.64,3.70
66.01,-4.30,-7.97,-4.34,-8.01,6.00,5.35,6.23,1.70,1.66,3.67
66.67,-4.25,-7.88,-4.25,-7.88,6.00,5.32,6.17,1.75,1.75,3.63
67.33,-4.14,-7.74,-4.13,-7.72,6.00,5.29,6.10,1.86,1.87,3.60
68.01,-3.97,-7.53,-3.98,-7.54,6.00,5.25,6.03,2.03,2.02,3.56
68.69,-3.80,-7.33,-3.79,-7.32,6.00,5.22,5.96,2.20,2.21,3.53
69.37,-3.60,-7.09,-3.59,-7.09,6.01,5.19,5.88,2.41,2.42,3.49
70.07,-3.38,-6.84,-3.40,-6.86,6.02,5.15,5.79,2.64,2.63,3.46
70.77,-3.21,-6.64,-3.21,-6.65,6.02,5.12,5.71,2.81,2.81,3.43
71.48,-3.06,-6.47,-3.06,-6.47,6.01,5.08,5.62,2.94,2.94,3.41
72.19,-2.93,-6.31,-2.93,-6.31,5.98,5.05,5.53,3.05,3.05,3.37
72.91,-2.82,-6.16,-2.80,-6.14,5.94,5.01,5.44,3.12,3.14,3.34
73.64,-2.67,-5.98,-2.67,-5.97,5.89,4.98,5.34,3.22,3.22,3.30
74.38,-2.54,-5.81,-2.55,-5.82,5.82,4.94,5.25,3.28,3.27,3.27
75.12,-2.44,-5.67,-2.47,-5.70,5.74,4.91,5.16,3.30,3.27,3.23
75.87,-2.44,-5.63,-2.44,-5.63,5.66,4.87,5.07,3.22,3.23,3.19
76.63,-2.44,-5.59,-2.41,-5.56,5.58,4.83,4.98,3.14,3.17,3.15
77.40,-2.39,-5.49,-2.38,-5.49,5.50,4.80,4.88,3.11,3.12,3.10
78.17,-2.32,-5.39,-2.35,-5.41,5.43,4.76,4.80,3.10,3.07,3.06
78.95,-2.33,-5.35,-2.34,-5.35,5.36,4.72,4.71,3.02,3.02,3.01
79.74,-2.35,-5.33,-2.35,-5.32,5.30,4.69,4.62,2.95,2.95,2.98
80.54,-2.36,-5.29,-2.34,-5.27,5.24,4.65,4.54,2.87,2.89,2.92
81.35,-2.32,-5.21,-2.31,-5.19,5.17,4.61,4.46,2.85,2.86,2.88
82.16,-2.24,-5.08,-2.27,-5.11,5.12,4.57,4.38,2.88,2.85,2.84
82.98,-2.24,-5.04,-2.24,-5.04,5.07,4.54,4.30,2.83,2.83,2.80
83.81,-2.24,-5.00,-2.23,-4.99,5.03,4.50,4.23,2.79,2.80,2.76
84.65,-2.24,-4.97,-2.24,-4.96,4.99,4.46,4.16,2.75,2.75,2.73
85.50,-2.24,-4.92,-2.25,-4.93,4.95,4.42,4.09,2.71,2.70,2.68
86.35,-2.26,-4.90,-2.28,-4.92,4.90,4.39,4.03,2.64,2.62,2.64
87.22,-2.30,-4.90,-2.31,-4.90,4.85,4.35,3.96,2.55,2.54,2.59
88.09,-2.33,-4.88,-2.30,-4.85,4.79,4.31,3.91,2.46,2.49,2.55
88.97,-2.26,-4.78,-2.25,-4.76,4.73,4.27,3.85,2.46,2.48,2.51
89.86,-2.14,-4.61,-2.16,-4.63,4.65,4.23,3.80,2.50,2.48,2.47
90.76,-2.07,-4.49,-2.09,-4.52,4.56,4.19,3.75,2.48,2.46,2.42
91.66,-2.05,-4.44,-2.05,-4.44,4.46,4.16,3.70,2.41,2.41,2.39
92.58,-2.04,-4.39,-2.02,-4.36,4.37,4.12,3.65,2.32,2.35,2.35
93.51,-1.98,-4.28,-1.97,-4.27,4.27,4.08,3.61,2.29,2.30,2.30
94.44,-1.89,-4.16,-1.91,-4.17,4.17,4.04,3.57,2.28,2.26,2.26
95.39,-1.84,-4.07,-1.86,-4.09,4.09,4.00,3.53,2.25,2.22,2.23
96.34,-1.84,-4.03,-1.83,-4.02,4.01,3.96,3.50,2.17,2.18,2.19
97.30,-1.82,-3.97,-1.79,-3.94,3.93,3.93,3.47,2.11,2.14,2.15
98.28,-1.74,-3.84,-1.74,-3.85,3.86,3.89,3.44,2.12,2.11,2.10
99.26,-1.67,-3.73,-1.70,-3.76,3.79,3.85,3.41,2.12,2.09,2.06
100.25,-1.68,-3.70,-1.68,-3.71,3.72,3.81,3.39,2.04,2.04,2.02
101.25,-1.70,-3.69,-1.69,-3.67,3.66,3.77,3.36,1.96,1.98,1.98
102.27,-1.70,-3.64,-1.69,-3.62,3.61,3.73,3.34,1.90,1.92,1.93
103.29,-1.66,-3.55,-1.68,-3.56,3.55,3.70,3.32,1.89,1.87,1.88
104.32,-1.65,-3.49,-1.67,-3.50,3.49,3.66,3.30,1.84,1.83,1.84
105.37,-1.67,-3.47,-1.66,-3.45,3.45,3.62,3.28,1.78,1.79,1.80
106.42,-1.66,-3.41,-1.65,-3.40,3.40,3.58,3.27,1.74,1.75,1.75
107.48,-1.63,-3.33,-1.65,-3.34,3.36,3.54,3.25,1.73,1.72,1.70
108.56,-1.64,-3.29,-1.64,-3.29,3.32,3.51,3.24,1.68,1.68,1.65
109.64,-1.66,-3.26,-1.66,-3.26,3.28,3.47,3.22,1.62,1.62,1.60
110.74,-1.68,-3.24,-1.69,-3.25,3.23,3.43,3.21,1.55,1.55,1.56
111.85,-1.70,-3.22,-1.70,-3.22,3.18,3.39,3.20,1.48,1.48,1.52
112.97,-1.71,-3.19,-1.69,-3.18,3.13,3.36,3.18,1.42,1.44,1.48
114.10,-1.65,-3.10,-1.66,-3.10,3.08,3.32,3.17,1.42,1.42,1.44
115.24,-1.61,-3.03,-1.60,-3.02,3.02,3.28,3.15,1.41,1.42,1.42
116.39,-1.54,-2.92,-1.55,-2.93,2.97,3.25,3.14,1.42,1.41,1.38
117.55,-1.51,-2.87,-1.52,-2.88,2.91,3.21,3.12,1.40,1.39,1.36
118.73,-1.51,-2.84,-1.50,-2.84,2.86,3.17,3.10,1.35,1.36,1.33
119.92,-1.50,-2.82,-1.50,-2.81,2.82,3.14,3.08,1.32,1.32,1.32
121.12,-1.49,-2.79,-1.49,-2.79,2.79,3.10,3.06,1.30,1.30,1.30
122.33,-1.48,-2.76,-1.48,-2.77,2.76,3.06,3.04,1.28,1.28,1.28
123.55,-1.48,-2.75,-1.48,-2.75,2.74,3.03,3.02,1.25,1.25,1.27
124.79,-1.47,-2.72,-1.48,-2.73,2.71,2.99,2.99,1.24,1.23,1.25
126.03,-1.47,-2.71,-1.46,-2.70,2.68,2.96,2.96,1.21,1.22,1.24
127.29,-1.43,-2.65,-1.43,-2.65,2.64,2.92,2.93,1.21,1.22,1.22
128.57,-1.38,-2.59,-1.39,-2.60,2.60,2.89,2.90,1.22,1.22,1.21
129.85,-1.34,-2.54,-1.35,-2.55,2.56,2.85,2.87,1.22,1.21,1.19
131.15,-1.34,-2.52,-1.34,-2.52,2.51,2.82,2.84,1.17,1.17,1.18
132.46,-1.33,-2.49,-1.32,-2.48,2.47,2.78,2.80,1.14,1.15,1.16
133.79,-1.31,-2.46,-1.29,-2.43,2.43,2.75,2.76,1.12,1.14,1.15
135.12,-1.22,-2.35,-1.25,-2.38,2.39,2.72,2.72,1.17,1.14,1.12
136.48,-1.22,-2.34,-1.22,-2.34,2.35,2.68,2.68,1.13,1.13,1.11
137.84,-1.22,-2.32,-1.21,-2.31,2.32,2.65,2.64,1.10,1.11,1.09
139.22,-1.22,-2.30,-1.22,-2.30,2.29,2.62,2.60,1.07,1.07,1.07
140.61,-1.22,-2.28,-1.22,-2.27,2.27,2.58,2.56,1.05,1.05,1.05
142.02,-1.21,-2.25,-1.21,-2.25,2.25,2.55,2.51,1.04,1.03,1.04
143.44,-1.21,-2.22,-1.21,-2.22,2.23,2.52,2.47,1.01,1.01,1.01
144.87,-1.21,-2.19,-1.21,-2.19,2.20,2.48,2.42,0.99,0.99,0.98
146.32,-1.21,-2.17,-1.21,-2.17,2.16,2.45,2.38,0.95,0.95,0.95
147.78,-1.21,-2.13,-1.22,-2.14,2.12,2.42,2.33,0.90,0.90,0.92
149.26,-1.22,-2.10,-1.21,-2.09,2.06,2.39,2.29,0.84,0.85,0.88
150.75,-1.20,-2.04,-1.19,-2.02,2.00,2.36,2.24,0.80,0.82,0.84
152.26,-1.14,-1.92,-1.15,-1.94,1.94,2.33,2.20,0.79,0.78,0.78
153.78,-1.11,-1.84,-1.12,-1.85,1.86,2.30,2.15,0.75,0.74,0.73
155.32,-1.11,-1.78,-1.11,-1.78,1.79,2.27,2.11,0.68,0.68,0.67
156.88,-1.11,-1.73,-1.11,-1.72,1.72,2.24,2.07,0.61,0.62,0.61
158.44,-1.11,-1.66,-1.11,-1.66,1.67,2.21,2.03,0.56,0.56,0.55
160.03,-1.11,-1.61,-1.11,-1.61,1.63,2.18,1.99,0.51,0.52,0.50
161.63,-1.11,-1.57,-1.11,-1.56,1.59,2.15,1.95,0.48,0.48,0.46
163.24,-1.12,-1.53,-1.12,-1.54,1.57,2.12,1.91,0.45,0.44,0.41
164.88,-1.14,-1.52,-1.16,-1.53,1.54,2.09,1.87,0.40,0.38,0.38
166.53,-1.20,-1.55,-1.21,-1.56,1.51,2.06,1.83,0.31,0.31,0.35
168.19,-1.23,-1.56,-1.22,-1.55,1.49,2.03,1.80,0.26,0.27,0.33
169.87,-1.23,-1.55,-1.18,-1.50,1.47,2.01,1.76,0.24,0.28,0.32
171.57,-1.08,-1.40,-1.12,-1.44,1.45,1.98,1.73,0.37,0.33,0.32
173.29,-1.05,-1.37,-1.07,-1.39,1.44,1.95,1.70,0.39,0.37,0.32
175.02,-1.05,-1.38,-1.04,-1.37,1.43,1.93,1.66,0.37,0.38,0.33
176.77,-1.06,-1.41,-1.05,-1.40,1.42,1.90,1.63,0.36,0.36,0.35
178.54,-1.06,-1.42,-1.06,-1.42,1.42,1.87,1.60,0.35,0.36,0.36
180.32,-1.05,-1.44,-1.06,-1.44,1.42,1.85,1.58,0.37,0.37,0.38
182.13,-1.05,-1.45,-1.05,-1.45,1.44,1.82,1.55,0.38,0.39,0.40
183.95,-1.04,-1.47,-1.04,-1.46,1.45,1.80,1.53,0.41,0.41,0.43
185.79,-1.03,-1.46,-1.03,-1.46,1.46,1.77,1.50,0.43,0.43,0.43
187.65,-1.01,-1.45,-1.02,-1.46,1.46,1.75,1.48,0.45,0.44,0.44
189.52,-1.00,-1.45,-1.00,-1.45,1.44,1.72,1.46,0.44,0.44,0.45
191.42,-0.99,-1.43,-0.99,-1.44,1.42,1.70,1.43,0.43,0.43,0.44
193.33,-0.97,-1.42,-0.97,-1.42,1.40,1.68,1.41,0.42,0.43,0.45
195.27,-0.94,-1.39,-0.93,-1.38,1.36,1.65,1.40,0.42,0.43,0.45
197.22,-0.88,-1.32,-0.88,-1.33,1.33,1.63,1.38,0.45,0.45,0.44
199.19,-0.83,-1.27,-0.84,-1.28,1.30,1.61,1.36,0.47,0.46,0.44
201.18,-0.82,-1.25,-0.82,-1.25,1.27,1.59,1.34,0.45,0.45,0.43
203.19,-0.82,-1.24,-0.82,-1.23,1.25,1.56,1.33,0.43,0.43,0.42
205.23,-0.82,-1.23,-0.82,-1.23,1.23,1.54,1.31,0.40,0.41,0.41
207.28,-0.82,-1.22,-0.82,-1.22,1.21,1.52,1.30,0.39,0.39,0.40
209.35,-0.82,-1.21,-0.82,-1.21,1.20,1.50,1.29,0.38,0.38,0.39
211.44,-0.82,-1.19,-0.82,-1.19,1.19,1.48,1.28,0.37,0.37,0.37
213.56,-0.82,-1.18,-0.82,-1.18,1.18,1.46,1.26,0.36,0.36,0.36
215.69,-0.83,-1.17,-0.83,-1.17,1.17,1.44,1.25,0.34,0.35,0.34
217.85,-0.83,-1.17,-0.83,-1.16,1.17,1.42,1.24,0.33,0.33,0.33
220.03,-0.83,-1.15,-0.84,-1.15,1.16,1.40,1.23,0.33,0.32,0.32
222.23,-0.84,-1.15,-0.84,-1.15,1.15,1.38,1.22,0.31,0.31,0.31
224.45,-0.84,-1.14,-0.84,-1.14,1.14,1.36,1.21,0.30,0.30,0.30
226.70,-0.84,-1.14,-0.84,-1.14,1.13,1.35,1.20,0.29,0.29,0.30
228.96,-0.83,-1.12,-0.84,-1.13,1.12,1.33,1.19,0.29,0.29,0.29
231.25,-0.83,-1.12,-0.83,-1.12,1.12,1.31,1.19,0.29,0.29,0.29
233.57,-0.82,-1.11,-0.82,-1.11,1.11,1.29,1.18,0.29,0.29,0.29
235.90,-0.80,-1.09,-0.81,-1.10,1.10,1.28,1.17,0.30,0.29,0.29
238.26,-0.79,-1.09,-0.79,-1.09,1.09,1.26,1.16,0.30,0.30,0.29
240.64,-0.77,-1.08,-0.78,-1.08,1.08,1.24,1.15,0.31,0.30,0.31
243.05,-0.76,-1.07,-0.76,-1.07,1.06,1.23,1.14,0.30,0.31,0.31
245.48,-0.74,-1.06,-0.74,-1.06,1.05,1.21,1.14,0.31,0.31,0.32
247.93,-0.71,-1.03,-0.71,-1.04,1.04,1.20,1.13,0.33,0.32,0.32
250.41,-0.69,-1.02,-0.69,-1.02,1.02,1.18,1.12,0.33,0.33,0.33
252.92,-0.67,-1.01,-0.67,-1.00,1.01,1.17,1.11,0.33,0.33,0.33
255.45,-0.66,-0.99,-0.66,-0.99,0.99,1.16,1.10,0.33,0.33,0.33
258.00,-0.65,-0.98,-0.65,-0.98,0.98,1.14,1.09,0.33,0.32,0.33
260.58,-0.65,-0.97,-0.65,-0.97,0.97,1.13,1.08,0.32,0.32,0.32
263.19,-0.65,-0.97,-0.65,-0.97,0.97,1.12,1.07,0.32,0.32,0.32
265.82,-0.65,-0.96,-0.65,-0.96,0.98,1.11,1.07,0.33,0.33,0.31
268.48,-0.65,-0.96,-0.66,-0.97,0.99,1.09,1.06,0.34,0.33,0.31
271.16,-0.66,-0.97,-0.68,-0.99,1.00,1.08,1.05,0.34,0.32,0.31
273.87,-0.73,-1.03,-0.72,-1.02,1.01,1.07,1.04,0.28,0.29,0.30
276.61,-0.76,-1.06,-0.75,-1.05,1.02,1.06,1.03,0.26,0.27,0.30
279.38,-0.76,-1.06,-0.77,-1.07,1.04,1.05,1.02,0.28,0.27,0.30
282.17,-0.76,-1.06,-0.76,-1.06,1.05,1.04,1.01,0.29,0.29,0.30
284.99,-0.75,-1.06,-0.75,-1.05,1.07,1.03,1.00,0.32,0.32,0.31
287.84,-0.74,-1.05,-0.74,-1.05,1.08,1.02,0.99,0.34,0.34,0.31
290.72,-0.73,-1.05,-0.75,-1.07,1.09,1.01,0.99,0.36,0.34,0.31
293.63,-0.77,-1.09,-0.78,-1.10,1.10,1.01,0.98,0.33,0.32,0.32
296.57,-0.82,-1.15,-0.80,-1.12,1.10,1.00,0.97,0.28,0.30,0.33
299.53,-0.80,-1.13,-0.80,-1.13,1.10,0.99,0.96,0.30,0.30,0.33
302.53,-0.78,-1.12,-0.79,-1.12,1.10,0.99,0.96,0.32,0.31,0.34
305.55,-0.77,-1.10,-0.77,-1.10,1.10,0.98,0.95,0.33,0.33,0.33
308.61,-0.76,-1.09,-0.75,-1.09,1.11,0.97,0.95,0.35,0.35,0.33
311.69,-0.75,-1.08,-0.75,-1.08,1.11,0.97,0.94,0.36,0.36,0.33
314.81,-0.74,-1.06,-0.77,-1.09,1.11,0.96,0.94,0.37,0.35,0.32
317.96,-0.80,-1.12,-0.79,-1.11,1.11,0.96,0.93,0.31,0.32,0.32
321.14,-0.84,-1.14,-0.83,-1.13,1.12,0.96,0.93,0.27,0.29,0.30
324.35,-0.85,-1.15,-0.85,-1.15,1.12,0.95,0.93,0.27,0.27,0.30
327.59,-0.85,-1.14,-0.86,-1.15,1.13,0.95,0.93,0.27,0.27,0.29
330.87,-0.86,-1.14,-0.86,-1.14,1.13,0.95,0.92,0.27,0.27,0.28
334.18,-0.86,-1.13,-0.86,-1.13,1.14,0.95,0.92,0.27,0.27,0.27
337.52,-0.86,-1.12,-0.85,-1.11,1.14,0.95,0.92,0.28,0.29,0.26
340.90,-0.86,-1.12,-0.86,-1.11,1.14,0.95,0.92,0.28,0.28,0.25
344.30,-0.86,-1.10,-0.89,-1.13,1.14,0.95,0.92,0.28,0.25,0.24
347.75,-0.94,-1.16,-0.93,-1.15,1.14,0.95,0.93,0.20,0.21,0.22
351.23,-0.98,-1.19,-0.96,-1.17,1.13,0.95,0.93,0.15,0.17,0.21
354.74,-0.97,-1.17,-0.97,-1.17,1.13,0.95,0.93,0.16,0.15,0.20
358.28,-0.95,-1.14,-0.96,-1.15,1.13,0.95,0.94,0.18,0.16,0.19
361.87,-0.95,-1.13,-0.94,-1.12,1.13,0.96,0.94,0.18,0.19,0.18
365.49,-0.94,-1.10,-0.93,-1.08,1.14,0.96,0.95,0.20,0.21,0.16
369.14,-0.92,-1.07,-0.95,-1.09,1.14,0.97,0.95,0.22,0.20,0.14
372.83,-0.96,-1.09,-0.99,-1.13,1.15,0.97,0.96,0.19,0.16,0.13
376.56,-1.09,-1.21,-1.05,-1.18,1.16,0.98,0.97,0.07,0.10,0.12
380.33,-1.12,-1.23,-1.11,-1.22,1.17,0.98,0.97,0.05,0.06,0.11
384.13,-1.11,-1.21,-1.12,-1.22,1.18,0.99,0.98,0.07,0.06,0.10
387.97,-1.10,-1.19,-1.11,-1.20,1.19,1.00,0.99,0.09,0.08,0.09
391.85,-1.10,-1.18,-1.10,-1.18,1.19,1.01,1.00,0.09,0.09,0.08
395.77,-1.10,-1.17,-1.10,-1.17,1.18,1.02,1.01,0.08,0.08,0.07
399.73,-1.10,-1.16,-1.10,-1.16,1.17,1.03,1.02,0.07,0.07,0.06
403.72,-1.10,-1.15,-1.10,-1.15,1.15,1.04,1.03,0.05,0.05,0.05
407.76,-1.10,-1.13,-1.10,-1.13,1.13,1.05,1.04,0.03,0.03,0.03
411.84,-1.11,-1.13,-1.11,-1.13,1.12,1.06,1.05,0.01,0.01,0.02
415.96,-1.11,-1.12,-1.11,-1.12,1.11,1.07,1.06,-0.00,-0.00,0.00
420.12,-1.11,-1.12,-1.11,-1.11,1.10,1.09,1.07,-0.01,-0.01,0.00
424.32,-1.10,-1.09,-1.10,-1.10,1.10,1.10,1.09,-0.00,-0.00,-0.01
428.56,-1.09,-1.08,-1.09,-1.08,1.10,1.11,1.10,0.01,0.01,-0.01
432.85,-1.08,-1.08,-1.07,-1.07,1.10,1.12,1.11,0.01,0.02,0.00
437.18,-1.05,-1.06,-1.08,-1.09,1.09,1.14,1.12,0.04,0.01,0.01
441.55,-1.08,-1.11,-1.08,-1.11,1.09,1.15,1.13,0.01,0.01,0.03
445.96,-1.10,-1.15,-1.07,-1.12,1.10,1.16,1.14,-0.01,0.03,0.05
450.42,-1.02,-1.10,-1.03,-1.11,1.10,1.18,1.15,0.08,0.07,0.08
454.93,-0.96,-1.08,-0.96,-1.08,1.09,1.19,1.15,0.13,0.13,0.12
459.48,-0.90,-1.06,-0.92,-1.07,1.09,1.20,1.16,0.19,0.17,0.16
464.07,-0.88,-1.07,-0.90,-1.10,1.09,1.21,1.17,0.20,0.18,0.19
468.71,-0.92,-1.15,-0.88,-1.11,1.09,1.22,1.17,0.17,0.21,0.23
473.40,-0.85,-1.12,-0.82,-1.09,1.10,1.23,1.18,0.25,0.28,0.27
478.13,-0.76,-1.07,-0.77,-1.07,1.12,1.24,1.18,0.36,0.36,0.31
482.91,-0.67,-1.01,-0.75,-1.09,1.15,1.24,1.18,0.47,0.39,0.34
487.74,-0.81,-1.18,-0.79,-1.16,1.17,1.25,1.18,0.35,0.38,0.37
492.62,-0.89,-1.28,-0.83,-1.22,1.18,1.25,1.18,0.29,0.35,0.39
497.55,-0.84,-1.25,-0.85,-1.26,1.18,1.26,1.18,0.34,0.33,0.41
502.52,-0.79,-1.21,-0.81,-1.23,1.18,1.26,1.17,0.39,0.37,0.42
507.55,-0.77,-1.19,-0.77,-1.19,1.19,1.25,1.17,0.41,0.41,0.42
512.62,-0.76,-1.17,-0.76,-1.16,1.18,1.25,1.16,0.42,0.42,0.41
517.75,-0.75,-1.14,-0.74,-1.13,1.17,1.24,1.15,0.42,0.43,0.39
522.93,-0.75,-1.12,-0.75,-1.11,1.15,1.24,1.15,0.40,0.40,0.37
528.16,-0.76,-1.09,-0.80,-1.13,1.13,1.23,1.14,0.37,0.33,0.33
533.44,-0.88,-1.16,-0.87,-1.15,1.13,1.21,1.12,0.25,0.27,0.27
538.77,-0.97,-1.20,-0.92,-1.15,1.14,1.20,1.11,0.17,0.22,0.22
544.16,-0.96,-1.13,-0.97,-1.14,1.15,1.19,1.10,0.19,0.17,0.16
549.60,-0.99,-1.10,-1.04,-1.14,1.15,1.17,1.08,0.16,0.11,0.10
555.10,-1.11,-1.15,-1.12,-1.15,1.15,1.15,1.07,0.04,0.03,0.03
560.65,-1.26,-1.23,-1.21,-1.18,1.15,1.13,1.05,-0.12,-0.07,-0.04
566.25,-1.27,-1.17,-1.28,-1.18,1.14,1.11,1.03,-0.13,-0.14,-0.11
571.92,-1.29,-1.13,-1.28,-1.11,1.13,1.09,1.01,-0.16,-0.16,-0.17
577.64,-1.29,-1.06,-1.30,-1.07,1.11,1.07,1.00,-0.19,-0.19,-0.23
583.41,-1.29,-1.00,-1.35,-1.07,1.08,1.04,0.98,-0.21,-0.28,-0.29
589.25,-1.45,-1.12,-1.40,-1.07,1.05,1.02,0.96,-0.41,-0.35,-0.33
595.14,-1.46,-1.09,-1.43,-1.06,1.02,1.00,0.94,-0.45,-0.41,-0.37
601.09,-1.38,-0.98,-1.41,-1.01,0.99,0.97,0.92,-0.39,-0.42,-0.40
607.10,-1.36,-0.94,-1.35,-0.93,0.98,0.95,0.90,-0.38,-0.36,-0.42
613.17,-1.30,-0.87,-1.33,-0.90,0.97,0.92,0.88,-0.33,-0.35,-0.43
619.30,-1.32,-0.90,-1.35,-0.93,0.97,0.90,0.86,-0.36,-0.39,-0.42
625.50,-1.41,-1.01,-1.37,-0.96,0.95,0.87,0.84,-0.46,-0.41,-0.40
631.75,-1.38,-1.00,-1.38,-1.00,0.94,0.85,0.82,-0.44,-0.44,-0.38
638.07,-1.32,-0.97,-1.34,-0.99,0.94,0.82,0.81,-0.39,-0.40,-0.35
644.45,-1.28,-0.97,-1.26,-0.95,0.94,0.80,0.79,-0.34,-0.33,-0.31
650.89,-1.18,-0.90,-1.19,-0.91,0.94,0.77,0.77,-0.24,-0.24,-0.28
657.40,-1.12,-0.88,-1.13,-0.89,0.93,0.75,0.75,-0.19,-0.20,-0.24
663.98,-1.07,-0.87,-1.09,-0.89,0.92,0.73,0.74,-0.15,-0.17,-0.20
670.62,-1.10,-0.93,-1.08,-0.91,0.91,0.70,0.72,-0.19,-0.17,-0.17
677.32,-1.07,-0.94,-1.06,-0.93,0.90,0.68,0.70,-0.17,-0.16,-0.13
684.10,-1.02,-0.91,-1.03,-0.92,0.90,0.66,0.69,-0.12,-0.13,-0.11
690.94,-0.98,-0.90,-0.98,-0.89,0.90,0.64,0.67,-0.08,-0.08,-0.08
697.85,-0.94,-0.87,-0.95,-0.88,0.90,0.62,0.66,-0.04,-0.05,-0.07
704.83,-0.93,-0.86,-0.94,-0.88,0.91,0.60,0.64,-0.03,-0.04,-0.07
711.87,-0.97,-0.90,-0.94,-0.87,0.90,0.58,0.63,-0.07,-0.04,-0.07
718.99,-0.94,-0.86,-0.95,-0.87,0.88,0.56,0.62,-0.06,-0.07,-0.08
726.18,-0.94,-0.84,-0.97,-0.87,0.85,0.54,0.60,-0.10,-0.12,-0.10
733.44,-0.97,-0.84,-0.98,-0.85,0.80,0.53,0.59,-0.18,-0.18,-0.13
740.78,-1.00,-0.83,-0.96,-0.80,0.73,0.51,0.58,-0.27,-0.23,-0.17
748.19,-0.90,-0.70,-0.90,-0.69,0.65,0.49,0.57,-0.25,-0.24,-0.20
755.67,-0.78,-0.54,-0.80,-0.56,0.56,0.48,0.56,-0.22,-0.24,-0.24
763.23,-0.67,-0.40,-0.69,-0.42,0.46,0.46,0.55,-0.21,-0.23,-0.27
770.86,-0.61,-0.31,-0.60,-0.31,0.35,0.45,0.54,-0.26,-0.26,-0.30
778.57,-0.54,-0.22,-0.54,-0.22,0.24,0.43,0.53,-0.30,-0.30,-0.32
786.35,-0.47,-0.14,-0.48,-0.14,0.14,0.42,0.52,-0.33,-0.34,-0.33
794.22,-0.41,-0.06,-0.41,-0.07,0.06,0.40,0.51,-0.36,-0.36,-0.35
802.16,-0.35,-0.00,-0.34,0.01,-0.01,0.39,0.50,-0.36,-0.35,-0.35
810.18,-0.28,0.08,-0.28,0.08,-0.05,0.38,0.49,-0.34,-0.33,-0.36
818.28,-0.21,0.14,-0.23,0.12,-0.09,0.37,0.48,-0.30,-0.32,-0.35
826.46,-0.20,0.14,-0.21,0.13,-0.12,0.35,0.48,-0.32,-0.33,-0.34
834.73,-0.21,0.12,-0.20,0.13,-0.14,0.34,0.47,-0.35,-0.34,-0.33
843.08,-0.22,0.10,-0.18,0.13,-0.16,0.33,0.46,-0.38,-0.34,-0.32
851.51,-0.12,0.18,-0.16,0.14,-0.17,0.32,0.46,-0.29,-0.33,-0.30
860.02,-0.10,0.18,-0.11,0.17,-0.18,0.31,0.45,-0.28,-0.29,-0.28
868.62,-0.11,0.16,-0.08,0.19,-0.18,0.30,0.44,-0.30,-0.26,-0.27
877.31,-0.04,0.22,-0.06,0.20,-0.19,0.29,0.43,-0.23,-0.25,-0.26
886.08,-0.03,0.21,-0.04,0.20,-0.19,0.28,0.43,-0.22,-0.23,-0.24
894.94,-0.03,0.20,-0.03,0.20,-0.19,0.27,0.42,-0.22,-0.21,-0.23
903.89,-0.04,0.18,-0.04,0.18,-0.18,0.26,0.41,-0.22,-0.22,-0.22
912.93,-0.05,0.17,-0.05,0.17,-0.17,0.25,0.41,-0.22,-0.22,-0.22
922.06,-0.05,0.16,-0.05,0.15,-0.16,0.24,0.40,-0.21,-0.21,-0.21
931.28,-0.05,0.14,-0.06,0.14,-0.16,0.23,0.39,-0.21,-0.21,-0.19
940.59,-0.05,0.13,-0.05,0.12,-0.15,0.22,0.39,-0.20,-0.20,-0.18
950.00,-0.05,0.11,-0.03,0.13,-0.15,0.21,0.38,-0.20,-0.17,-0.16
959.50,0.01,0.16,0.01,0.16,-0.14,0.21,0.37,-0.13,-0.13,-0.15
969.09,0.05,0.19,0.03,0.17,-0.13,0.20,0.36,-0.09,-0.10,-0.14
978.78,0.05,0.18,0.03,0.17,-0.13,0.19,0.35,-0.08,-0.10,-0.13
988.57,-0.00,0.12,0.02,0.14,-0.13,0.18,0.34,-0.13,-0.11,-0.12
998.46,-0.00,0.12,0.00,0.12,-0.14,0.18,0.33,-0.14,-0.14,-0.12
1008.44,0.01,0.12,0.01,0.12,-0.16,0.17,0.32,-0.15,-0.15,-0.11
1018.53,0.04,0.15,0.02,0.13,-0.18,0.16,0.31,-0.14,-0.15,-0.11
1028.71,0.06,0.16,0.06,0.17,-0.20,0.16,0.30,-0.14,-0.14,-0.10
1039.00,0.09,0.19,0.12,0.22,-0.22,0.15,0.29,-0.14,-0.10,-0.10
1049.39,0.21,0.30,0.19,0.28,-0.25,0.14,0.28,-0.04,-0.06,-0.09
1059.88,0.27,0.34,0.25,0.32,-0.28,0.13,0.27,-0.01,-0.03,-0.07
1070.48,0.29,0.33,0.29,0.33,-0.29,0.13,0.25,-0.00,-0.00,-0.04
1081.19,0.28,0.29,0.30,0.31,-0.30,0.12,0.24,-0.02,-0.00,-0.01
1092.00,0.31,0.28,0.30,0.27,-0.29,0.12,0.23,0.01,0.01,0.03
1102.92,0.32,0.25,0.32,0.25,-0.27,0.11,0.21,0.05,0.05,0.07
1113.95,0.34,0.21,0.35,0.23,-0.23,0.10,0.20,0.11,0.12,0.13
1125.09,0.39,0.21,0.37,0.19,-0.17,0.10,0.19,0.21,0.19,0.18
1136.34,0.38,0.14,0.38,0.14,-0.11,0.09,0.17,0.27,0.27,0.24
1147.70,0.37,0.07,0.38,0.08,-0.04,0.09,0.16,0.33,0.34,0.30
1159.18,0.36,-0.01,0.35,-0.02,0.03,0.08,0.14,0.39,0.38,0.37
1170.77,0.33,-0.10,0.31,-0.12,0.10,0.07,0.13,0.43,0.41,0.43
1182.48,0.27,-0.23,0.28,-0.22,0.17,0.07,0.11,0.44,0.45,0.50
1194.30,0.25,-0.32,0.28,-0.28,0.23,0.06,0.10,0.48,0.52,0.57
1206.25,0.33,-0.31,0.32,-0.32,0.30,0.06,0.08,0.63,0.62,0.64
1218.31,0.40,-0.30,0.37,-0.33,0.36,0.05,0.06,0.76,0.73,0.70
1230.49,0.41,-0.36,0.41,-0.36,0.41,0.05,0.05,0.82,0.82,0.77
1242.80,0.42,-0.42,0.42,-0.42,0.45,0.04,0.03,0.87,0.87,0.84
1255.22,0.42,-0.48,0.41,-0.49,0.48,0.03,0.01,0.90,0.90,0.90
1267.78,0.41,-0.56,0.43,-0.55,0.51,0.03,-0.00,0.92,0.94,0.97
1280.45,0.46,-0.58,0.45,-0.59,0.54,0.02,-0.02,1.00,0.99,1.04
1293.26,0.50,-0.60,0.50,-0.60,0.57,0.02,-0.04,1.07,1.07,1.10
1306.19,0.56,-0.60,0.58,-0.58,0.60,0.01,-0.05,1.16,1.18,1.16
1319.25,0.65,-0.57,0.64,-0.58,0.62,0.01,-0.07,1.27,1.25,1.22
1332.45,0.72,-0.56,0.68,-0.60,0.63,-0.00,-0.09,1.35,1.32,1.28
1345.77,0.68,-0.66,0.71,-0.63,0.65,-0.01,-0.11,1.32,1.35,1.34
1359.23,0.72,-0.67,0.71,-0.68,0.66,-0.01,-0.12,1.38,1.38,1.39
1372.82,0.74,-0.71,0.74,-0.71,0.69,-0.02,-0.14,1.43,1.43,1.45
1386.55,0.78,-0.73,0.80,-0.71,0.72,-0.02,-0.16,1.50,1.51,1.51
1400.41,0.86,-0.71,0.85,-0.72,0.74,-0.03,-0.18,1.60,1.59,1.57
1414.42,0.92,-0.71,0.89,-0.74,0.76,-0.04,-0.20,1.67,1.65,1.63
1428.56,0.92,-0.78,0.92,-0.77,0.76,-0.04,-0.21,1.67,1.68,1.70
1442.85,0.94,-0.82,0.97,-0.80,0.75,-0.05,-0.23,1.68,1.71,1.76
1457.28,1.04,-0.79,1.05,-0.78,0.73,-0.06,-0.25,1.77,1.78,1.83
1471.85,1.18,-0.72,1.16,-0.73,0.72,-0.06,-0.27,1.90,1.89,1.90
1486.57,1.29,-0.67,1.28,-0.68,0.72,-0.07,-0.29,2.01,2.00,1.96
1501.43,1.38,-0.65,1.39,-0.65,0.71,-0.08,-0.31,2.09,2.10,2.03
1516.45,1.46,-0.65,1.45,-0.65,0.70,-0.08,-0.33,2.16,2.16,2.11
1531.61,1.53,-0.66,1.50,-0.69,0.69,-0.09,-0.35,2.22,2.19,2.19
1546.93,1.53,-0.75,1.56,-0.73,0.68,-0.10,-0.37,2.21,2.24,2.28
1562.40,1.62,-0.76,1.64,-0.74,0.68,-0.11,-0.39,2.30,2.32,2.38
1578.02,1.77,-0.71,1.76,-0.72,0.69,-0.11,-0.41,2.46,2.44,2.48
1593.80,1.90,-0.67,1.90,-0.67,0.70,-0.12,-0.43,2.60,2.60,2.57
1609.74,2.04,-0.64,2.03,-0.65,0.72,-0.13,-0.45,2.76,2.75,2.68
1625.84,2.13,-0.65,2.13,-0.66,0.73,-0.14,-0.46,2.86,2.86,2.78
1642.10,2.20,-0.69,2.20,-0.69,0.73,-0.15,-0.48,2.93,2.93,2.89
1658.52,2.27,-0.72,2.26,-0.73,0.71,-0.16,-0.50,2.98,2.97,2.99
1675.10,2.33,-0.76,2.34,-0.75,0.68,-0.17,-0.52,3.01,3.02,3.09
1691.85,2.47,-0.73,2.47,-0.72,0.62,-0.18,-0.54,3.09,3.10,3.20
1708.77,2.67,-0.63,2.68,-0.62,0.54,-0.19,-0.56,3.21,3.22,3.30
1725.86,2.93,-0.47,2.94,-0.46,0.44,-0.20,-0.58,3.37,3.38,3.40
1743.12,3.25,-0.26,3.22,-0.28,0.32,-0.21,-0.60,3.56,3.54,3.51
1760.55,3.51,-0.10,3.49,-0.12,0.17,-0.23,-0.62,3.68,3.67,3.61
1778.15,3.73,0.01,3.74,0.03,0.02,-0.24,-0.64,3.75,3.77,3.72
1795.94,3.96,0.15,3.96,0.15,-0.12,-0.26,-0.65,3.84,3.84,3.81
1813.90,4.19,0.28,4.17,0.26,-0.26,-0.27,-0.67,3.93,3.91,3.91
1832.03,4.37,0.37,4.37,0.36,-0.37,-0.29,-0.69,4.00,3.99,4.00
1850.36,4.55,0.45,4.58,0.48,-0.48,-0.30,-0.70,4.07,4.09,4.10
1868.86,4.78,0.59,4.78,0.59,-0.60,-0.32,-0.72,4.18,4.19,4.19
1887.55,5.03,0.74,4.99,0.70,-0.71,-0.34,-0.73,4.31,4.27,4.29
1906.42,5.19,0.79,5.19,0.79,-0.83,-0.36,-0.75,4.35,4.35,4.40
1925.49,5.37,0.87,5.40,0.90,-0.95,-0.38,-0.76,4.42,4.45,4.50
1944.74,5.62,1.00,5.65,1.03,-1.05,-0.41,-0.77,4.57,4.60,4.62
1964.19,5.95,1.20,5.93,1.18,-1.13,-0.43,-0.78,4.82,4.80,4.75
1983.83,6.20,1.32,6.16,1.28,-1.18,-0.46,-0.79,5.02,4.98,4.88
2003.67,6.33,1.33,6.31,1.31,-1.22,-0.49,-0.80,5.11,5.09,5.00
2023.71,6.38,1.26,6.41,1.29,-1.26,-0.53,-0.81,5.12,5.15,5.12
2043.94,6.47,1.23,6.50,1.26,-1.29,-0.56,-0.82,5.17,5.20,5.24
2064.38,6.64,1.28,6.59,1.22,-1.33,-0.60,-0.83,5.31,5.26,5.36
2085.03,6.72,1.23,6.72,1.24,-1.36,-0.64,-0.83,5.36,5.36,5.49
2105.88,6.85,1.24,6.92,1.31,-1.38,-0.69,-0.84,5.47,5.53,5.61
2126.94,7.14,1.41,7.14,1.41,-1.40,-0.74,-0.84,5.74,5.74,5.73
2148.20,7.41,1.56,7.36,1.51,-1.40,-0.80,-0.85,6.01,5.96,5.85
2169.69,7.53,1.57,7.51,1.55,-1.40,-0.86,-0.85,6.13,6.11,5.96
2191.38,7.54,1.47,7.55,1.48,-1.38,-0.92,-0.85,6.16,6.17,6.07
2213.30,7.53,1.36,7.53,1.36,-1.35,-1.00,-0.86,6.18,6.18,6.17
2235.43,7.50,1.24,7.52,1.26,-1.31,-1.08,-0.86,6.19,6.21,6.26
2257.78,7.54,1.19,7.53,1.18,-1.26,-1.16,-0.86,6.28,6.28,6.35
2280.36,7.59,1.16,7.59,1.16,-1.21,-1.26,-0.86,6.37,6.37,6.43
2303.17,7.67,1.16,7.69,1.18,-1.20,-1.36,-0.86,6.47,6.49,6.51
2326.20,7.83,1.25,7.82,1.24,-1.24,-1.47,-0.86,6.59,6.58,6.58
2349.46,7.98,1.33,7.96,1.31,-1.34,-1.59,-0.86,6.64,6.62,6.65
2372.95,8.13,1.42,8.13,1.42,-1.48,-1.72,-0.87,6.65,6.65,6.71
2396.68,8.29,1.51,8.33,1.55,-1.65,-1.85,-0.87,6.64,6.68,6.78
2420.65,8.61,1.77,8.59,1.75,-1.82,-1.98,-0.87,6.79,6.77,6.84
2444.86,8.88,1.97,8.91,2.00,-1.97,-2.11,-0.87,6.91,6.95,6.91
2469.31,9.25,2.26,9.23,2.24,-2.08,-2.23,-0.87,7.16,7.14,6.99
2494.00,9.49,2.42,9.46,2.39,-2.18,-2.34,-0.88,7.31,7.27,7.07
2518.94,9.59,2.43,9.57,2.42,-2.27,-2.44,-0.88,7.32,7.31,7.16
2544.13,9.61,2.36,9.58,2.33,-2.34,-2.51,-0.88,7.26,7.24,7.25
2569.57,9.56,2.20,9.60,2.24,-2.41,-2.56,-0.89,7.15,7.19,7.36
2595.27,9.67,2.19,9.71,2.23,-2.46,-2.58,-0.89,7.21,7.26,7.48
2621.22,9.93,2.31,9.95,2.33,-2.48,-2.58,-0.90,7.45,7.47,7.62
2647.43,10.29,2.53,10.27,2.51,-2.49,-2.55,-0.90,7.80,7.78,7.76
2673.90,10.59,2.68,10.54,2.64,-2.49,-2.51,-0.91,8.09,8.05,7.91
2700.64,10.73,2.69,10.70,2.66,-2.48,-2.45,-0.92,8.25,8.22,8.04
2727.65,10.73,2.56,10.75,2.58,-2.45,-2.39,-0.92,8.28,8.30,8.17
2754.93,10.71,2.40,10.73,2.42,-2.38,-2.32,-0.93,8.33,8.34,8.31
2782.48,10.72,2.28,10.69,2.25,-2.28,-2.25,-0.94,8.44,8.41,8.44
2810.30,10.66,2.08,10.67,2.10,-2.16,-2.17,-0.95,8.49,8.51,8.58
2838.40,10.68,1.96,10.69,1.97,-2.05,-2.09,-0.96,8.63,8.64,8.72
2866.79,10.74,1.87,10.73,1.86,-1.97,-1.99,-0.98,8.77,8.76,8.87
2895.46,10.86,1.83,10.83,1.80,-1.92,-1.89,-0.99,8.94,8.91,9.03
2924.41,10.94,1.75,10.98,1.79,-1.88,-1.78,-1.00,9.06,9.10,9.19
2953.65,11.17,1.80,11.20,1.83,-1.84,-1.64,-1.02,9.33,9.36,9.37
2983.19,11.41,1.87,11.40,1.86,-1.76,-1.49,-1.03,9.65,9.64,9.54
3013.02,11.62,1.90,11.55,1.83,-1.64,-1.33,-1.05,9.98,9.91,9.72
3043.15,11.54,1.64,11.57,1.67,-1.48,-1.15,-1.06,10.06,10.09,9.90
3073.58,11.48,1.40,11.46,1.37,-1.28,-0.97,-1.08,10.20,10.17,10.08
3104.32,11.29,1.03,11.26,1.01,-1.04,-0.78,-1.10,10.25,10.22,10.26
3135.36,11.02,0.60,11.08,0.66,-0.76,-0.60,-1.12,10.26,10.32,10.42
3166.72,10.91,0.34,10.91,0.34,-0.45,-0.42,-1.14,10.46,10.46,10.57
3198.38,10.81,0.10,10.80,0.09,-0.12,-0.25,-1.15,10.68,10.68,10.71
3230.37,10.73,-0.10,10.72,-0.11,0.19,-0.10,-1.18,10.91,10.91,10.83
3262.67,10.61,-0.33,10.60,-0.34,0.45,0.03,-1.20,11.05,11.05,10.94
3295.30,10.48,-0.55,10.45,-0.59,0.64,0.15,-1.22,11.11,11.08,11.03
3328.25,10.29,-0.82,10.28,-0.83,0.75,0.24,-1.24,11.04,11.03,11.11
3361.53,10.15,-1.02,10.19,-0.98,0.80,0.31,-1.26,10.95,11.00,11.17
3395.15,10.20,-1.02,10.23,-0.98,0.78,0.36,-1.28,10.98,11.02,11.22
3429.10,10.43,-0.81,10.42,-0.82,0.70,0.39,-1.31,11.12,11.12,11.24
3463.39,10.70,-0.55,10.69,-0.56,0.55,0.40,-1.33,11.25,11.24,11.25
3498.03,10.97,-0.28,10.94,-0.30,0.37,0.39,-1.35,11.33,11.31,11.25
3533.01,11.15,-0.07,11.14,-0.08,0.17,0.36,-1.38,11.32,11.31,11.22
3568.34,11.26,0.10,11.28,0.12,-0.01,0.33,-1.40,11.24,11.27,11.16
3604.02,11.35,0.28,11.36,0.29,-0.17,0.28,-1.42,11.18,11.19,11.07
3640.06,11.37,0.42,11.33,0.38,-0.28,0.22,-1.44,11.09,11.06,10.95
3676.46,11.25,0.43,11.19,0.37,-0.34,0.16,-1.47,10.91,10.85,10.82
3713.22,10.94,0.27,10.99,0.32,-0.37,0.10,-1.49,10.57,10.62,10.67
3750.36,10.75,0.24,10.79,0.28,-0.38,0.03,-1.51,10.37,10.41,10.51
3787.86,10.64,0.31,10.63,0.30,-0.37,-0.04,-1.53,10.26,10.25,10.33
3825.74,10.53,0.39,10.50,0.36,-0.37,-0.11,-1.55,10.16,10.13,10.14
3864.00,10.33,0.39,10.33,0.39,-0.37,-0.18,-1.57,9.96,9.96,9.94
3902.64,10.12,0.39,10.13,0.39,-0.38,-0.25,-1.58,9.74,9.75,9.73
3941.66,9.91,0.38,9.91,0.38,-0.39,-0.32,-1.60,9.52,9.52,9.53
3981.08,9.71,0.38,9.71,0.38,-0.39,-0.39,-1.62,9.32,9.32,9.33
4020.89,9.51,0.37,9.54,0.40,-0.37,-0.46,-1.63,9.13,9.17,9.14
4061.10,9.38,0.43,9.35,0.40,-0.35,-0.52,-1.65,9.03,9.00,8.95
4101.71,9.17,0.39,9.13,0.35,-0.31,-0.59,-1.66,8.86,8.83,8.78
4142.73,8.87,0.27,8.89,0.29,-0.26,-0.66,-1.67,8.61,8.63,8.60
4184.15,8.62,0.19,8.64,0.21,-0.22,-0.73,-1.68,8.40,8.42,8.43
4226.00,8.44,0.19,8.43,0.18,-0.20,-0.80,-1.70,8.24,8.23,8.25
4268.26,8.25,0.18,8.25,0.18,-0.20,-0.87,-1.71,8.05,8.05,8.07
4310.94,8.11,0.23,8.09,0.21,-0.25,-0.94,-1.72,7.86,7.84,7.88
4354.05,7.94,0.26,7.92,0.25,-0.34,-1.01,-1.73,7.60,7.58,7.68
4397.59,7.81,0.35,7.84,0.38,-0.47,-1.08,-1.74,7.33,7.36,7.46
4441.56,7.76,0.53,7.82,0.59,-0.65,-1.16,-1.74,7.11,7.18,7.23
4485.98,7.91,0.92,7.85,0.86,-0.84,-1.24,-1.75,7.07,7.01,6.99
4530.84,7.92,1.17,7.88,1.13,-1.06,-1.32,-1.76,6.86,6.83,6.75
4576.15,7.84,1.33,7.87,1.37,-1.28,-1.40,-1.77,6.56,6.59,6.51
4621.91,7.79,1.54,7.79,1.54,-1.50,-1.49,-1.78,6.29,6.29,6.25
4668.13,7.71,1.73,7.69,1.71,-1.72,-1.59,-1.79,5.99,5.97,5.98
4714.81,7.58,1.88,7.58,1.88,-1.91,-1.69,-1.81,5.67,5.67,5.70
4761.96,7.43,2.03,7.45,2.05,-2.07,-1.80,-1.82,5.36,5.38,5.40
4809.58,7.32,2.23,7.31,2.22,-2.22,-1.91,-1.83,5.10,5.10,5.09
4857.67,7.17,2.39,7.16,2.38,-2.34,-2.03,-1.85,4.83,4.82,4.78
4906.25,6.98,2.51,6.97,2.50,-2.45,-2.16,-1.86,4.53,4.52,4.47
4955.31,6.74,2.59,6.74,2.59,-2.55,-2.30,-1.88,4.19,4.19,4.15
5004.87,6.48,2.65,6.50,2.67,-2.64,-2.45,-1.90,3.83,3.86,3.83
5054.91,6.28,2.77,6.26,2.75,-2.74,-2.62,-1.92,3.53,3.52,3.51
5105.46,6.06,2.85,6.04,2.83,-2.86,-2.79,-1.94,3.20,3.18,3.21
5156.52,5.85,2.92,5.88,2.95,-3.00,-2.99,-1.97,2.84,2.87,2.93
5208.08,5.76,3.11,5.77,3.12,-3.19,-3.19,-1.99,2.56,2.58,2.65
5260.16,5.76,3.36,5.74,3.34,-3.42,-3.42,-2.02,2.34,2.32,2.40
5312.77,5.80,3.64,5.80,3.63,-3.68,-3.66,-2.05,2.12,2.12,2.16
5365.89,5.89,3.93,5.91,3.96,-3.96,-3.93,-2.08,1.93,1.95,1.96
5419.55,6.10,4.33,6.10,4.32,-4.26,-4.21,-2.12,1.84,1.84,1.77
5473.75,6.31,4.68,6.32,4.69,-4.57,-4.51,-2.15,1.74,1.76,1.63
5528.49,6.58,5.06,6.54,5.02,-4.90,-4.84,-2.19,1.68,1.64,1.52
5583.77,6.75,5.31,6.69,5.25,-5.25,-5.18,-2.23,1.50,1.44,1.44
5639.61,6.87,5.49,6.90,5.52,-5.62,-5.53,-2.28,1.24,1.28,1.38
5696.00,7.07,5.74,7.18,5.84,-6.02,-5.88,-2.32,1.05,1.17,1.33
5752.96,7.67,6.36,7.57,6.26,-6.43,-6.23,-2.37,1.24,1.15,1.31
5810.49,8.08,6.78,8.07,6.76,-6.84,-6.56,-2.42,1.24,1.23,1.30
5868.60,8.54,7.25,8.55,7.24,-7.24,-6.85,-2.48,1.30,1.31,1.29
5927.28,9.04,7.74,8.95,7.63,-7.59,-7.08,-2.54,1.44,1.35,1.30
5986.56,9.31,8.00,9.30,7.97,-7.87,-7.22,-2.60,1.44,1.43,1.31
6046.42,9.62,8.30,9.52,8.17,-8.03,-7.28,-2.66,1.59,1.49,1.32
6106.89,9.71,8.39,9.56,8.20,-8.04,-7.22,-2.72,1.67,1.53,1.32
6167.96,9.56,8.25,9.44,8.07,-7.89,-7.07,-2.79,1.67,1.55,1.31
6229.64,9.28,7.98,9.08,7.71,-7.58,-6.82,-2.86,1.70,1.50,1.30
6291.93,8.79,7.50,8.58,7.21,-7.14,-6.51,-2.94,1.65,1.44,1.29
6354.85,8.14,6.87,7.99,6.62,-6.60,-6.15,-3.01,1.53,1.39,1.27
6418.40,7.54,6.30,7.34,5.96,-6.00,-5.75,-3.09,1.54,1.33,1.24
6482.58,6.86,5.65,6.69,5.31,-5.38,-5.35,-3.17,1.48,1.31,1.21
6547.41,6.12,4.95,6.09,4.70,-4.78,-4.95,-3.25,1.34,1.31,1.17
6612.88,5.51,4.39,5.55,4.14,-4.24,-4.57,-3.34,1.27,1.31,1.12
6679.01,4.88,3.80,5.11,3.68,-3.78,-4.22,-3.43,1.09,1.33,1.08
6745.80,4.35,3.32,4.80,3.34,-3.43,-3.91,-3.51,0.92,1.37,1.03
6813.26,3.88,2.91,4.60,3.11,-3.17,-3.65,-3.60,0.71,1.43,0.97
6881.39,3.48,2.60,4.49,2.97,-3.02,-3.44,-3.69,0.46,1.47,0.88
6950.21,3.10,2.32,4.47,2.92,-2.95,-3.29,-3.78,0.15,1.52,0.78
7019.71,2.71,2.05,4.52,2.94,-2.95,-3.19,-3.87,-0.25,1.56,0.66
7089.91,2.43,1.90,4.61,3.02,-3.01,-3.13,-3.95,-0.58,1.60,0.53
7160.81,2.25,1.85,4.74,3.13,-3.10,-3.12,-4.04,-0.86,1.64,0.40
7232.41,2.09,1.84,4.88,3.25,-3.21,-3.14,-4.12,-1.12,1.67,0.25
7304.74,1.94,1.84,4.99,3.36,-3.32,-3.17,-4.19,-1.38,1.67,0.10
7377.79,1.82,1.87,5.08,3.45,-3.42,-3.22,-4.27,-1.60,1.66,-0.05
7451.56,1.78,1.98,5.13,3.52,-3.49,-3.28,-4.33,-1.72,1.64,-0.20
7526.08,1.85,2.18,5.16,3.57,-3.55,-3.34,-4.40,-1.70,1.61,-0.33
7601.34,1.88,2.32,5.16,3.59,-3.58,-3.40,-4.45,-1.70,1.58,-0.44
7677.35,1.93,2.42,5.13,3.59,-3.58,-3.45,-4.49,-1.65,1.55,-0.49
7754.13,2.12,2.61,5.07,3.57,-3.56,-3.49,-4.53,-1.45,1.51,-0.49
7831.67,2.34,2.77,5.00,3.53,-3.53,-3.52,-4.56,-1.19,1.47,-0.43
7909.98,2.68,3.00,4.90,3.48,-3.48,-3.53,-4.57,-0.80,1.42,-0.32
7989.08,3.11,3.25,4.79,3.42,-3.42,-3.53,-4.58,-0.31,1.38,-0.14
8068.98,3.56,3.47,4.68,3.35,-3.35,-3.52,-4.58,0.21,1.33,0.09
8149.67,3.90,3.52,4.55,3.28,-3.28,-3.49,-4.56,0.62,1.28,0.38
8231.16,4.40,3.67,4.42,3.21,-3.21,-3.45,-4.53,1.19,1.21,0.73
8313.47,4.93,3.80,4.28,3.13,-3.15,-3.39,-4.50,1.78,1.13,1.13
8396.61,5.21,3.62,4.16,3.07,-3.10,-3.33,-4.45,2.11,1.06,1.59
8480.57,5.39,3.30,4.04,3.02,-3.05,-3.25,-4.39,2.34,0.99,2.09
8565.38,5.37,2.73,3.93,2.99,-3.00,-3.17,-4.33,2.36,0.92,2.64
8651.03,5.31,2.08,3.82,2.97,-2.96,-3.08,-4.25,2.35,0.86,3.23
8737.54,5.17,1.32,3.70,2.94,-2.92,-2.99,-4.17,2.25,0.78,3.85
8824.92,4.97,0.49,3.55,2.89,-2.86,-2.90,-4.09,2.11,0.69,4.48
8913.17,4.72,-0.35,3.37,2.82,-2.80,-2.81,-3.99,1.92,0.57,5.07
9002.30,4.22,-1.42,3.18,2.74,-2.73,-2.73,-3.90,1.49,0.45,5.64
9092.32,3.84,-2.30,2.97,2.65,-2.64,-2.64,-3.80,1.20,0.33,6.14
9183.25,3.86,-2.68,2.75,2.55,-2.55,-2.56,-3.69,1.31,0.20,6.54
9275.08,3.97,-2.84,2.52,2.44,-2.45,-2.48,-3.59,1.52,0.08,6.81
9367.83,4.03,-2.90,2.29,2.34,-2.35,-2.40,-3.49,1.68,-0.06,6.93
9461.51,4.16,-2.72,2.06,2.23,-2.25,-2.33,-3.38,1.90,-0.19,6.88
9556.12,4.36,-2.31,1.85,2.14,-2.16,-2.26,-3.28,2.20,-0.30,6.67
9651.68,4.54,-1.73,1.66,2.07,-2.07,-2.20,-3.17,2.47,-0.41,6.27
9748.20,4.32,-1.39,1.47,2.01,-1.99,-2.14,-3.07,2.33,-0.51,5.71
9845.68,4.04,-0.96,1.28,1.94,-1.91,-2.09,-2.97,2.12,-0.64,5.00
9944.14,3.78,-0.40,1.07,1.85,-1.85,-2.04,-2.87,1.93,-0.78,4.18
10043.58,3.12,-0.17,0.85,1.75,-1.80,-1.99,-2.78,1.32,-0.95,3.29
10144.02,2.34,-0.02,0.71,1.73,-1.76,-1.94,-2.69,0.58,-1.05,2.36
10245.46,1.77,0.36,0.57,1.72,-1.72,-1.90,-2.60,0.05,-1.16,1.41
10347.91,1.25,0.78,0.42,1.70,-1.69,-1.86,-2.51,-0.44,-1.27,0.47
10451.39,1.11,1.49,0.28,1.68,-1.67,-1.83,-2.43,-0.56,-1.40,-0.38
10555.91,1.20,2.31,0.13,1.67,-1.66,-1.79,-2.35,-0.46,-1.53,-1.11
10661.46,1.45,3.17,-0.02,1.66,-1.65,-1.76,-2.28,-0.20,-1.67,-1.72
10768.08,2.00,4.24,-0.17,1.64,-1.64,-1.73,-2.21,0.35,-1.81,-2.24
10875.76,2.33,4.97,-0.32,1.63,-1.63,-1.71,-2.14,0.70,-1.95,-2.64
10984.52,2.74,5.68,-0.47,1.62,-1.62,-1.68,-2.08,1.11,-2.09,-2.94
11094.36,3.18,6.29,-0.62,1.62,-1.62,-1.66,-2.02,1.56,-2.24,-3.11
11205.31,3.39,6.59,-0.77,1.61,-1.61,-1.64,-1.97,1.78,-2.38,-3.20
11317.36,3.32,6.58,-0.93,1.60,-1.60,-1.62,-1.91,1.71,-2.53,-3.26
11430.53,3.65,7.03,-1.08,1.60,-1.60,-1.61,-1.87,2.05,-2.68,-3.38
11544.84,4.20,7.76,-1.24,1.60,-1.60,-1.59,-1.82,2.60,-2.84,-3.56
11660.29,4.52,8.31,-1.40,1.60,-1.60,-1.58,-1.78,2.92,-2.99,-3.79
11776.89,4.06,8.12,-1.56,1.60,-1.60,-1.57,-1.75,2.46,-3.15,-4.06
11894.66,2.89,7.30,-1.72,1.60,-1.60,-1.57,-1.72,1.29,-3.31,-4.41
12013.60,1.43,6.25,-1.88,1.60,-1.60,-1.56,-1.69,-0.17,-3.48,-4.82
12133.74,0.13,5.42,-2.04,1.60,-1.60,-1.56,-1.67,-1.48,-3.64,-5.29
12255.08,-1.26,4.56,-2.20,1.61,-1.61,-1.56,-1.65,-2.87,-3.81,-5.82
12377.63,-2.89,3.49,-2.37,1.62,-1.62,-1.57,-1.63,-4.51,-3.98,-6.38
12501.41,-3.97,3.01,-2.53,1.62,-1.62,-1.57,-1.62,-5.59,-4.16,-6.98
12626.42,-4.80,2.79,-2.70,1.63,-1.63,-1.58,-1.62,-6.43,-4.33,-7.59
12752.68,-5.60,2.57,-2.87,1.64,-1.64,-1.60,-1.62,-7.24,-4.51,-8.17
12880.21,-6.24,2.47,-3.04,1.65,-1.65,-1.61,-1.62,-7.90,-4.69,-8.71
13009.01,-6.70,2.44,-3.21,1.67,-1.67,-1.63,-1.63,-8.37,-4.87,-9.14
13139.10,-6.95,2.52,-3.38,1.68,-1.68,-1.65,-1.65,-8.63,-5.06,-9.47
13270.49,-7.75,1.93,-3.55,1.70,-1.70,-1.67,-1.67,-9.45,-5.25,-9.68
13403.20,-8.95,0.84,-3.72,1.71,-1.71,-1.70,-1.70,-10.66,-5.44,-9.79
13537.23,-10.38,-0.57,-3.90,1.73,-1.73,-1.73,-1.73,-12.11,-5.63,-9.81
13672.60,-11.37,-1.62,-4.07,1.75,-1.75,-1.76,-1.77,-13.12,-5.82,-9.75
13809.33,-12.65,-3.03,-4.25,1.77,-1.77,-1.79,-1.82,-14.42,-6.02,-9.62
13947.42,-12.97,-3.53,-4.43,1.79,-1.79,-1.82,-1.87,-14.76,-6.22,-9.44
14086.90,-12.80,-3.58,-4.61,1.82,-1.82,-1.85,-1.94,-14.62,-6.42,-9.22
14227.77,-12.55,-3.54,-4.78,1.84,-1.84,-1.89,-2.01,-14.39,-6.63,-9.01
14370.04,-12.09,-3.26,-4.97,1.87,-1.87,-1.92,-2.09,-13.96,-6.83,-8.83
14513.74,-11.31,-2.59,-5.15,1.89,-1.89,-1.96,-2.18,-13.21,-7.04,-8.72
14658.88,-10.49,-1.79,-5.33,1.92,-1.92,-1.99,-2.27,-12.41,-7.25,-8.70
14805.47,-9.83,-1.09,-5.52,1.95,-1.95,-2.03,-2.37,-11.78,-7.47,-8.74
14953.52,-9.34,-0.48,-5.70,1.98,-1.98,-2.06,-2.48,-11.33,-7.68,-8.86
15103.06,-8.92,0.14,-5.89,2.02,-2.02,-2.09,-2.58,-10.94,-7.90,-9.06
15254.09,-8.59,0.74,-6.08,2.05,-2.05,-2.13,-2.68,-10.64,-8.12,-9.33
15406.63,-7.87,1.80,-6.26,2.08,-2.08,-2.16,-2.78,-9.96,-8.35,-9.67
15560.70,-7.31,2.74,-6.45,2.12,-2.12,-2.19,-2.86,-9.43,-8.57,-10.05
15716.30,-7.01,3.45,-6.64,2.16,-2.16,-2.22,-2.92,-9.17,-8.80,-10.46
15873.47,-7.04,3.81,-6.84,2.20,-2.20,-2.25,-2.95,-9.24,-9.03,-10.85
16032.20,-7.29,3.93,-7.03,2.24,-2.24,-2.28,-2.95,-9.53,-9.27,-11.22
16192.52,-7.45,4.07,-7.22,2.28,-2.28,-2.31,-2.90,-9.73,-9.50,-11.52
16354.45,-7.60,4.15,-7.42,2.32,-2.32,-2.34,-2.82,-9.92,-9.74,-11.75
16517.99,-7.80,4.09,-7.62,2.37,-2.37,-2.37,-2.70,-10.17,-9.98,-11.89
16683.17,-9.36,2.57,-7.81,2.41,-2.41,-2.39,-2.54,-11.77,-10.22,-11.93
16850.01,-10.94,0.90,-8.01,2.46,-2.46,-2.42,-2.36,-13.40,-10.47,-11.84
17018.51,-12.83,-1.22,-8.21,2.51,-2.51,-2.44,-2.17,-15.34,-10.72,-11.61
17188.69,-13.59,-2.33,-8.41,2.55,-2.55,-2.47,-1.97,-16.15,-10.97,-11.26
17360.58,-12.69,-1.83,-8.62,2.61,-2.61,-2.49,-1.77,-15.30,-11.22,-10.86
17534.18,-11.17,-0.71,-8.82,2.66,-2.66,-2.51,-1.58,-13.83,-11.48,-10.46
17709.53,-9.06,1.11,-9.02,2.71,-2.71,-2.53,-1.39,-11.77,-11.73,-10.17
17886.62,-7.10,2.74,-9.23,2.76,-2.76,-2.55,-1.22,-9.87,-11.99,-9.84
18065.49,-5.91,3.86,-9.43,2.82,-2.82,-2.57,-1.07,-8.73,-12.25,-9.77
18246.14,-5.06,4.66,-9.64,2.88,-2.88,-2.59,-0.93,-7.94,-12.52,-9.72
18428.60,-4.33,5.44,-9.85,2.94,-2.94,-2.61,-0.80,-7.27,-12.79,-9.77
18612.89,-3.72,6.21,-10.06,2.99,-2.99,-2.62,-0.69,-6.72,-13.06,-9.93
18799.02,-3.89,6.29,-10.27,3.06,-3.06,-2.64,-0.59,-6.95,-13.33,-10.18
18987.01,-5.80,4.65,-10.48,3.12,-3.12,-2.65,-0.50,-8.92,-13.60,-10.45
19176.88,-7.06,3.64,-10.70,3.18,-3.18,-2.66,-0.42,-10.24,-13.88,-10.70
19368.65,-8.29,2.76,-10.91,3.25,-3.25,-2.68,-0.35,-11.54,-14.16,-11.05
19562.33,-7.66,4.13,-11.13,3.31,-3.31,-2.69,-0.29,-10.97,-14.44,-11.79
19757.96,-6.74,5.71,-11.34,3.38,-3.38,-2.69,-0.24,-10.12,-14.72,-12.45
19955.54,-6.23,6.87,-11.56,3.45,-3.45,-2.70,-0.20,-9.68,-15.01,-13.10
