frequency,raw,error,smoothed,error_smoothed,equalization,parametric_eq,fixed_band_eq,equalized_raw,equalized_smoothed,target
20.00,-23.20,-22.68,-23.19,-22.68,6.00,5.30,2.62,-17.20,-17.19,-0.52
20.20,-23.06,-22.58,-23.06,-22.58,6.00,5.33,2.70,-17.06,-17.06,-0.48
20.40,-22.91,-22.47,-22.92,-22.47,6.00,5.36,2.78,-16.91,-16.92,-0.45
20.61,-22.78,-22.36,-22.78,-22.37,6.00,5.39,2.86,-16.78,-16.78,-0.42
20.81,-22.64,-22.26,-22.64,-22.26,6.00,5.41,2.94,-16.64,-16.64,-0.39
21.02,-22.51,-22.15,-22.50,-22.14,6.00,5.44,3.03,-16.51,-16.50,-0.36
21.23,-22.36,-22.02,-22.36,-22.02,6.00,5.47,3.12,-16.36,-16.36,-0.34
21.44,-22.20,-21.88,-22.21,-21.88,6.00,5.50,3.21,-16.20,-16.21,-0.33
21.66,-22.06,-21.74,-22.06,-21.74,6.00,5.52,3.30,-16.06,-16.06,-0.32
21.87,-21.90,-21.59,-21.90,-21.59,6.00,5.55,3.40,-15.90,-15.90,-0.31
22.09,-21.74,-21.45,-21.74,-21.45,6.00,5.57,3.50,-15.74,-15.74,-0.30
22.31,-21.58,-21.29,-21.59,-21.29,6.00,5.60,3.60,-15.58,-15.59,-0.29
22.54,-21.43,-21.14,-21.42,-21.13,6.00,5.62,3.70,-15.43,-15.42,-0.29
22.76,-21.26,-20.97,-21.27,-20.98,6.00,5.65,3.81,-15.26,-15.27,-0.29
22.99,-21.11,-20.82,-21.11,-20.82,6.00,5.67,3.92,-15.11,-15.11,-0.29
23.22,-20.96,-20.68,-20.95,-20.67,6.00,5.69,4.03,-14.96,-14.95,-0.28
23.45,-20.80,-20.52,-20.81,-20.53,6.00,5.71,4.15,-14.80,-14.81,-0.28
23.69,-20.66,-20.39,-20.66,-20.39,6.00,5.74,4.27,-14.66,-14.66,-0.27
23.92,-20.51,-20.24,-20.51,-20.24,6.00,5.76,4.39,-14.51,-14.51,-0.27
24.16,-20.35,-20.09,-20.36,-20.09,6.00,5.78,4.51,-14.35,-14.36,-0.26
24.40,-20.19,-19.93,-20.20,-19.93,6.00,5.80,4.63,-14.19,-14.20,-0.26
24.65,-20.05,-19.77,-20.04,-19.77,6.00,5.82,4.76,-14.05,-14.04,-0.27
24.89,-19.88,-19.61,-19.89,-19.62,6.00,5.84,4.89,-13.88,-13.89,-0.27
25.14,-19.76,-19.49,-19.77,-19.50,6.00,5.86,5.02,-13.76,-13.77,-0.27
25.39,-19.67,-19.39,-19.67,-19.39,6.00,5.87,5.15,-13.67,-13.67,-0.28
25.65,-19.59,-19.30,-19.59,-19.30,6.00,5.89,5.28,-13.59,-13.59,-0.28
25.91,-19.50,-19.20,-19.49,-19.19,6.00,5.91,5.42,-13.50,-13.49,-0.29
26.16,-19.36,-19.06,-19.36,-19.06,6.00,5.92,5.55,-13.36,-13.36,-0.31
26.43,-19.21,-18.90,-19.21,-18.90,6.00,5.94,5.68,-13.21,-13.21,-0.31
26.69,-19.05,-18.73,-19.05,-18.74,6.00,5.95,5.81,-13.05,-13.05,-0.32
26.96,-18.90,-18.58,-18.90,-18.58,6.00,5.97,5.94,-12.90,-12.90,-0.32
27.23,-18.77,-18.44,-18.77,-18.44,6.00,5.98,6.07,-12.77,-12.77,-0.33
27.50,-18.65,-18.32,-18.65,-18.31,6.00,5.99,6.20,-12.65,-12.65,-0.33
27.77,-18.52,-18.17,-18.52,-18.18,6.00,6.01,6.32,-12.52,-12.52,-0.35
28.05,-18.40,-18.05,-18.40,-18.05,6.00,6.02,6.44,-12.40,-12.40,-0.35
28.33,-18.26,-17.90,-18.27,-17.91,6.00,6.03,6.55,-12.26,-12.27,-0.36
28.62,-18.14,-17.77,-18.14,-17.77,6.00,6.04,6.66,-12.14,-12.14,-0.37
28.90,-18.00,-17.63,-17.99,-17.62,6.00,6.04,6.76,-12.00,-11.99,-0.37
29.19,-17.83,-17.44,-17.82,-17.45,6.00,6.05,6.86,-11.83,-11.82,-0.38
29.48,-17.63,-17.26,-17.64,-17.25,6.00,6.06,6.95,-11.63,-11.64,-0.37
29.78,-17.45,-17.06,-17.45,-17.06,6.00,6.06,7.02,-11.45,-11.45,-0.39
30.08,-17.27,-16.87,-17.28,-16.89,6.00,6.07,7.09,-11.27,-11.28,-0.40
30.38,-17.14,-16.73,-17.14,-16.74,6.00,6.07,7.16,-11.14,-11.14,-0.41
30.68,-17.02,-16.61,-17.01,-16.60,6.00,6.08,7.21,-11.02,-11.01,-0.41
30.99,-16.90,-16.48,-16.88,-16.46,6.00,6.08,7.25,-10.90,-10.88,-0.42
31.30,-16.73,-16.31,-16.73,-16.31,6.00,6.08,7.28,-10.73,-10.73,-0.42
31.61,-16.57,-16.14,-16.57,-16.14,6.00,6.08,7.30,-10.57,-10.57,-0.42
31.93,-16.41,-15.97,-16.41,-15.97,6.00,6.08,7.31,-10.41,-10.41,-0.43
32.24,-16.25,-15.80,-16.26,-15.81,6.00,6.08,7.31,-10.25,-10.26,-0.46
32.57,-16.12,-15.66,-16.11,-15.66,6.00,6.08,7.30,-10.12,-10.11,-0.46
32.89,-15.97,-15.53,-15.97,-15.51,6.00,6.07,7.28,-9.97,-9.97,-0.45
33.22,-15.81,-15.36,-15.81,-15.35,6.00,6.07,7.26,-9.81,-9.81,-0.46
33.55,-15.65,-15.19,-15.65,-15.19,6.00,6.06,7.22,-9.65,-9.65,-0.46
33.89,-15.50,-15.02,-15.51,-15.04,6.00,6.06,7.18,-9.50,-9.51,-0.47
34.23,-15.40,-14.92,-15.40,-14.93,6.00,6.05,7.14,-9.40,-9.40,-0.47
34.57,-15.32,-14.83,-15.32,-14.83,6.00,6.04,7.08,-9.32,-9.32,-0.49
34.92,-15.25,-14.76,-15.23,-14.74,6.00,6.03,7.03,-9.25,-9.23,-0.49
35.27,-15.11,-14.62,-15.10,-14.60,6.00,6.02,6.96,-9.11,-9.10,-0.49
35.62,-14.95,-14.44,-14.95,-14.45,6.00,6.01,6.90,-8.95,-8.95,-0.50
35.97,-14.78,-14.28,-14.81,-14.30,6.00,6.01,6.83,-8.78,-8.81,-0.50
36.33,-14.68,-14.18,-14.69,-14.18,6.00,6.00,6.76,-8.68,-8.69,-0.51
36.70,-14.59,-14.07,-14.58,-14.06,6.00,5.99,6.69,-8.59,-8.58,-0.52
37.06,-14.47,-13.94,-14.45,-13.92,6.00,5.98,6.63,-8.47,-8.45,-0.53
37.43,-14.29,-13.76,-14.29,-13.76,6.00,5.97,6.56,-8.29,-8.29,-0.53
37.81,-14.13,-13.58,-14.14,-13.60,6.00,5.97,6.49,-8.13,-8.14,-0.55
38.19,-14.01,-13.45,-14.02,-13.47,6.00,5.96,6.42,-8.01,-8.02,-0.56
38.57,-13.94,-13.37,-13.93,-13.37,6.00,5.95,6.35,-7.94,-7.93,-0.56
38.95,-13.86,-13.29,-13.85,-13.28,6.00,5.95,6.29,-7.86,-7.85,-0.57
39.34,-13.76,-13.18,-13.77,-13.19,6.00,5.95,6.23,-7.76,-7.77,-0.59
39.74,-13.67,-13.07,-13.66,-13.07,6.00,5.95,6.17,-7.67,-7.66,-0.60
40.14,-13.54,-12.94,-13.53,-12.93,6.00,5.95,6.12,-7.54,-7.53,-0.59
40.54,-13.37,-12.76,-13.37,-12.76,6.00,5.95,6.07,-7.37,-7.37,-0.61
40.94,-13.19,-12.58,-13.19,-12.58,6.00,5.96,6.02,-7.19,-7.19,-0.61
41.35,-13.02,-12.40,-13.02,-12.40,6.00,5.96,5.98,-7.02,-7.02,-0.62
41.76,-12.86,-12.24,-12.88,-12.24,6.00,5.97,5.94,-6.86,-6.88,-0.63
42.18,-12.76,-12.11,-12.79,-12.15,6.00,5.97,5.90,-6.76,-6.79,-0.64
42.60,-12.74,-12.08,-12.73,-12.08,6.00,5.98,5.87,-6.74,-6.73,-0.66
43.03,-12.71,-12.04,-12.64,-11.97,6.00,5.99,5.84,-6.71,-6.64,-0.67
43.46,-12.51,-11.81,-12.51,-11.81,6.00,6.00,5.82,-6.51,-6.51,-0.69
43.90,-12.31,-11.58,-12.34,-11.62,6.00,6.01,5.80,-6.31,-6.34,-0.73
44.33,-12.18,-11.43,-12.18,-11.43,6.00,6.01,5.79,-6.18,-6.18,-0.75
44.78,-12.09,-11.31,-12.09,-11.31,6.00,6.02,5.78,-6.09,-6.09,-0.78
45.23,-12.02,-11.21,-12.04,-11.23,6.00,6.03,5.78,-6.02,-6.04,-0.80
45.68,-11.99,-11.16,-11.97,-11.15,6.00,6.04,5.78,-5.99,-5.97,-0.83
46.13,-11.91,-11.07,-11.87,-11.03,6.00,6.04,5.78,-5.91,-5.87,-0.84
46.60,-11.74,-10.89,-11.74,-10.89,6.00,6.05,5.79,-5.74,-5.74,-0.85
47.06,-11.58,-10.71,-11.63,-10.77,6.00,6.05,5.80,-5.58,-5.63,-0.87
47.53,-11.55,-10.66,-11.55,-10.67,6.00,6.06,5.82,-5.55,-5.55,-0.88
48.01,-11.53,-10.65,-11.48,-10.59,6.00,6.06,5.84,-5.53,-5.48,-0.88
48.49,-11.38,-10.49,-11.38,-10.49,6.00,6.06,5.86,-5.38,-5.38,-0.88
48.97,-11.22,-10.32,-11.22,-10.32,6.00,6.07,5.89,-5.22,-5.22,-0.90
49.46,-11.06,-10.16,-11.06,-10.15,6.00,6.07,5.92,-5.06,-5.06,-0.91
49.96,-10.91,-10.00,-10.95,-10.05,6.00,6.07,5.95,-4.91,-4.95,-0.91
50.46,-10.88,-9.98,-10.88,-9.98,6.00,6.07,5.99,-4.88,-4.88,-0.89
50.96,-10.85,-9.95,-10.80,-9.90,6.00,6.07,6.03,-4.85,-4.80,-0.89
51.47,-10.72,-9.82,-10.71,-9.81,6.00,6.06,6.07,-4.72,-4.71,-0.90
51.99,-10.57,-9.66,-10.60,-9.70,6.00,6.06,6.11,-4.57,-4.60,-0.91
52.51,-10.50,-9.59,-10.50,-9.58,6.00,6.06,6.16,-4.50,-4.50,-0.91
53.03,-10.43,-9.50,-10.40,-9.48,6.00,6.05,6.21,-4.43,-4.40,-0.93
53.56,-10.31,-9.36,-10.30,-9.36,6.00,6.05,6.25,-4.31,-4.30,-0.95
54.10,-10.19,-9.22,-10.18,-9.21,6.00,6.04,6.30,-4.19,-4.18,-0.97
54.64,-10.06,-9.06,-10.07,-9.08,6.00,6.03,6.34,-4.06,-4.07,-1.00
55.18,-9.98,-8.95,-10.01,-8.98,6.00,6.03,6.39,-3.98,-4.01,-1.03
55.74,-9.98,-8.92,-9.95,-8.90,6.00,6.02,6.43,-3.98,-3.95,-1.06
56.29,-9.91,-8.84,-9.89,-8.81,6.00,6.01,6.47,-3.91,-3.89,-1.08
56.86,-9.79,-8.68,-9.78,-8.67,6.00,6.00,6.51,-3.79,-3.78,-1.11
57.42,-9.65,-8.50,-9.66,-8.51,6.00,5.99,6.54,-3.65,-3.66,-1.15
58.00,-9.53,-8.34,-9.57,-8.39,6.00,5.98,6.57,-3.53,-3.57,-1.18
58.58,-9.53,-8.31,-9.50,-8.29,6.00,5.97,6.60,-3.53,-3.50,-1.22
59.16,-9.48,-8.24,-9.44,-8.20,6.00,5.96,6.62,-3.48,-3.44,-1.24
59.76,-9.36,-8.08,-9.40,-8.12,6.00,5.95,6.63,-3.36,-3.40,-1.27
60.35,-9.31,-7.99,-9.32,-8.01,6.00,5.94,6.64,-3.31,-3.32,-1.32
60.96,-9.30,-7.94,-9.24,-7.88,6.00,5.93,6.65,-3.30,-3.24,-1.35
61.57,-9.17,-7.76,-9.17,-7.77,6.00,5.92,6.64,-3.17,-3.17,-1.41
62.18,-9.07,-7.62,-9.10,-7.66,6.00,5.90,6.63,-3.07,-3.10,-1.44
62.80,-9.07,-7.59,-9.06,-7.58,6.00,5.89,6.62,-3.07,-3.06,-1.48
63.43,-9.07,-7.54,-9.06,-7.54,6.00,5.88,6.59,-3.07,-3.06,-1.53
64.07,-9.07,-7.51,-9.06,-7.51,6.00,5.87,6.56,-3.07,-3.06,-1.55
64.71,-9.03,-7.44,-9.01,-7.42,6.00,5.85,6.52,-3.03,-3.01,-1.59
65.35,-8.95,-7.34,-8.95,-7.33,6.00,5.84,6.48,-2.95,-2.95,-1.62
66.01,-8.84,-7.18,-8.89,-7.24,6.00,5.83,6.43,-2.84,-2.89,-1.66
66.67,-8.84,-7.16,-8.80,-7.12,6.00,5.82,6.38,-2.84,-2.80,-1.67
67.33,-8.72,-7.02,-8.68,-6.98,6.00,5.80,6.32,-2.72,-2.68,-1.70
68.01,-8.52,-6.79,-8.56,-6.84,6.00,5.79,6.25,-2.52,-2.56,-1.72
68.69,-8.43,-6.68,-8.46,-6.71,6.01,5.78,6.18,-2.42,-2.45,-1.75
69.37,-8.39,-6.62,-8.38,-6.62,6.01,5.76,6.11,-2.37,-2.37,-1.77
70.07,-8.37,-6.58,-8.32,-6.53,6.02,5.75,6.03,-2.35,-2.30,-1.79
70.77,-8.21,-6.40,-8.20,-6.40,6.01,5.74,5.95,-2.19,-2.18,-1.80
71.48,-8.05,-6.23,-8.08,-6.26,6.00,5.73,5.87,-2.05,-2.08,-1.81
72.19,-7.93,-6.09,-7.96,-6.12,5.97,5.71,5.79,-1.95,-1.98,-1.84
72.91,-7.92,-6.06,-7.86,-6.00,5.94,5.70,5.70,-1.99,-1.93,-1.86
73.64,-7.78,-5.89,-7.79,-5.91,5.89,5.69,5.62,-1.89,-1.90,-1.89
74.38,-7.70,-5.79,-7.73,-5.83,5.83,5.68,5.53,-1.87,-1.91,-1.90
75.12,-7.69,-5.76,-7.67,-5.74,5.76,5.66,5.45,-1.93,-1.91,-1.93
75.87,-7.64,-5.69,-7.61,-5.66,5.68,5.65,5.37,-1.96,-1.93,-1.95
76.63,-7.54,-5.56,-7.55,-5.58,5.60,5.64,5.28,-1.93,-1.95,-1.97
77.40,-7.48,-5.49,-7.51,-5.52,5.52,5.63,5.20,-1.96,-2.00,-1.99
78.17,-7.48,-5.47,-7.47,-5.46,5.44,5.61,5.12,-2.04,-2.03,-2.01
78.95,-7.47,-5.47,-7.41,-5.40,5.38,5.60,5.05,-2.10,-2.03,-2.01
79.74,-7.31,-5.29,-7.34,-5.32,5.32,5.59,4.97,-1.98,-2.02,-2.02
80.54,-7.25,-5.22,-7.27,-5.25,5.28,5.57,4.90,-1.97,-1.99,-2.03
81.35,-7.25,-5.22,-7.23,-5.21,5.24,5.56,4.83,-2.00,-1.99,-2.03
82.16,-7.25,-5.22,-7.24,-5.21,5.21,5.55,4.76,-2.03,-2.03,-2.03
82.98,-7.25,-5.23,-7.25,-5.22,5.20,5.53,4.70,-2.05,-2.05,-2.02
83.81,-7.25,-5.22,-7.25,-5.23,5.21,5.52,4.64,-2.04,-2.04,-2.02
84.65,-7.25,-5.23,-7.24,-5.23,5.23,5.50,4.58,-2.01,-2.01,-2.02
85.50,-7.25,-5.25,-7.23,-5.23,5.28,5.48,4.53,-1.97,-1.95,-2.00
86.35,-7.25,-5.25,-7.27,-5.28,5.32,5.47,4.48,-1.92,-1.95,-1.99
87.22,-7.30,-5.32,-7.34,-5.36,5.37,5.45,4.43,-1.92,-1.97,-1.98
88.09,-7.47,-5.50,-7.41,-5.45,5.42,5.43,4.38,-2.06,-1.99,-1.97
88.97,-7.48,-5.52,-7.47,-5.51,5.47,5.40,4.34,-2.01,-2.00,-1.96
89.86,-7.48,-5.53,-7.49,-5.54,5.51,5.38,4.30,-1.97,-1.98,-1.94
90.76,-7.48,-5.53,-7.48,-5.53,5.54,5.36,4.27,-1.94,-1.94,-1.95
91.66,-7.48,-5.54,-7.48,-5.54,5.55,5.33,4.24,-1.92,-1.93,-1.94
92.58,-7.48,-5.53,-7.48,-5.55,5.54,5.30,4.21,-1.93,-1.94,-1.94
93.51,-7.48,-5.55,-7.48,-5.55,5.52,5.27,4.18,-1.96,-1.96,-1.93
94.44,-7.47,-5.54,-7.43,-5.50,5.48,5.23,4.16,-1.98,-1.95,-1.93
95.39,-7.38,-5.44,-7.36,-5.43,5.43,5.19,4.14,-1.94,-1.93,-1.94
96.34,-7.25,-5.30,-7.30,-5.36,5.38,5.15,4.13,-1.87,-1.92,-1.94
97.30,-7.25,-5.30,-7.26,-5.31,5.32,5.11,4.11,-1.93,-1.94,-1.94
98.28,-7.25,-5.29,-7.21,-5.26,5.26,5.07,4.10,-1.99,-1.95,-1.95
99.26,-7.19,-5.23,-7.15,-5.19,5.20,5.02,4.09,-1.99,-1.95,-1.96
100.25,-7.03,-5.06,-7.08,-5.11,5.13,4.97,4.08,-1.89,-1.94,-1.97
101.25,-7.02,-5.04,-7.03,-5.05,5.08,4.92,4.08,-1.94,-1.95,-1.98
102.27,-7.02,-5.03,-7.01,-5.02,5.02,4.86,4.08,-2.00,-1.99,-1.99
103.29,-7.02,-5.00,-7.00,-4.99,4.95,4.80,4.07,-2.06,-2.05,-2.02
104.32,-6.97,-4.93,-6.94,-4.90,4.88,4.74,4.07,-2.08,-2.06,-2.04
105.37,-6.85,-4.78,-6.87,-4.80,4.80,4.68,4.08,-2.05,-2.07,-2.07
106.42,-6.79,-4.69,-6.82,-4.72,4.71,4.62,4.08,-2.07,-2.11,-2.09
107.48,-6.79,-4.64,-6.78,-4.64,4.63,4.55,4.08,-2.16,-2.15,-2.14
108.56,-6.79,-4.59,-6.73,-4.54,4.54,4.48,4.08,-2.25,-2.19,-2.19
109.64,-6.65,-4.41,-6.66,-4.43,4.44,4.41,4.08,-2.20,-2.22,-2.23
110.74,-6.56,-4.27,-6.59,-4.31,4.35,4.34,4.08,-2.21,-2.25,-2.28
111.85,-6.56,-4.23,-6.55,-4.22,4.25,4.27,4.08,-2.30,-2.30,-2.32
112.97,-6.56,-4.17,-6.56,-4.18,4.16,4.20,4.08,-2.40,-2.40,-2.39
114.10,-6.56,-4.13,-6.55,-4.11,4.07,4.12,4.08,-2.48,-2.48,-2.43
115.24,-6.53,-4.04,-6.49,-4.01,3.99,4.05,4.08,-2.54,-2.51,-2.49
116.39,-6.41,-3.87,-6.42,-3.89,3.90,3.98,4.07,-2.50,-2.52,-2.53
117.55,-6.34,-3.75,-6.36,-3.78,3.82,3.90,4.06,-2.52,-2.55,-2.58
118.73,-6.34,-3.72,-6.34,-3.72,3.73,3.83,4.05,-2.60,-2.61,-2.62
119.92,-6.34,-3.69,-6.33,-3.67,3.65,3.75,4.03,-2.68,-2.67,-2.65
121.12,-6.33,-3.64,-6.28,-3.60,3.58,3.67,4.01,-2.75,-2.70,-2.68
122.33,-6.19,-3.48,-6.21,-3.50,3.51,3.60,3.99,-2.68,-2.70,-2.71
123.55,-6.11,-3.38,-6.14,-3.41,3.44,3.53,3.97,-2.66,-2.69,-2.73
124.79,-6.11,-3.35,-6.10,-3.35,3.37,3.45,3.94,-2.73,-2.73,-2.75
126.03,-6.11,-3.33,-6.11,-3.34,3.30,3.38,3.91,-2.80,-2.81,-2.78
127.29,-6.11,-3.32,-6.08,-3.29,3.23,3.30,3.87,-2.87,-2.85,-2.79
128.57,-6.06,-3.23,-6.02,-3.20,3.17,3.23,3.83,-2.89,-2.85,-2.82
129.85,-5.90,-3.05,-5.94,-3.10,3.11,3.16,3.78,-2.78,-2.83,-2.85
131.15,-5.88,-3.00,-5.89,-3.01,3.06,3.09,3.74,-2.81,-2.82,-2.87
132.46,-5.88,-2.98,-5.86,-2.97,3.02,3.02,3.68,-2.85,-2.84,-2.89
133.79,-5.88,-2.97,-5.87,-2.96,2.98,2.95,3.63,-2.89,-2.89,-2.91
135.12,-5.88,-2.94,-5.88,-2.95,2.94,2.88,3.57,-2.93,-2.93,-2.94
136.48,-5.88,-2.93,-5.88,-2.92,2.90,2.81,3.51,-2.97,-2.97,-2.95
137.84,-5.88,-2.90,-5.89,-2.90,2.87,2.74,3.45,-3.01,-3.02,-2.98
139.22,-5.88,-2.86,-5.88,-2.87,2.83,2.68,3.38,-3.05,-3.05,-3.02
140.61,-5.88,-2.84,-5.84,-2.80,2.78,2.61,3.32,-3.09,-3.06,-3.04
142.02,-5.77,-2.72,-5.77,-2.72,2.73,2.55,3.25,-3.04,-3.04,-3.05
143.44,-5.68,-2.60,-5.70,-2.63,2.67,2.48,3.18,-3.01,-3.03,-3.07
144.87,-5.65,-2.54,-5.65,-2.55,2.60,2.42,3.10,-3.05,-3.05,-3.10
146.32,-5.65,-2.51,-5.65,-2.52,2.52,2.36,3.03,-3.13,-3.13,-3.14
147.78,-5.65,-2.48,-5.65,-2.48,2.44,2.30,2.96,-3.21,-3.21,-3.16
149.26,-5.65,-2.45,-5.61,-2.41,2.35,2.24,2.88,-3.30,-3.26,-3.20
150.75,-5.55,-2.29,-5.55,-2.30,2.27,2.18,2.81,-3.28,-3.28,-3.25
152.26,-5.46,-2.15,-5.48,-2.17,2.18,2.12,2.73,-3.27,-3.30,-3.31
153.78,-5.43,-2.05,-5.43,-2.06,2.10,2.06,2.66,-3.32,-3.33,-3.37
155.32,-5.43,-1.99,-5.42,-1.99,2.02,2.01,2.59,-3.41,-3.40,-3.44
156.88,-5.43,-1.94,-5.42,-1.93,1.94,1.95,2.51,-3.49,-3.48,-3.49
158.44,-5.43,-1.88,-5.43,-1.87,1.87,1.90,2.44,-3.56,-3.56,-3.55
160.03,-5.43,-1.81,-5.43,-1.82,1.81,1.85,2.37,-3.61,-3.61,-3.61
161.63,-5.43,-1.77,-5.43,-1.77,1.77,1.80,2.30,-3.65,-3.65,-3.65
163.24,-5.43,-1.72,-5.43,-1.73,1.74,1.75,2.23,-3.69,-3.69,-3.70
164.88,-5.43,-1.69,-5.43,-1.69,1.70,1.70,2.16,-3.72,-3.72,-3.73
166.53,-5.43,-1.66,-5.43,-1.66,1.66,1.65,2.09,-3.76,-3.76,-3.76
168.19,-5.43,-1.64,-5.44,-1.65,1.62,1.61,2.02,-3.81,-3.82,-3.79
169.87,-5.43,-1.62,-5.43,-1.62,1.57,1.56,1.95,-3.85,-3.86,-3.81
171.57,-5.43,-1.61,-5.37,-1.56,1.53,1.52,1.89,-3.89,-3.84,-3.82
173.29,-5.29,-1.47,-5.30,-1.49,1.50,1.47,1.83,-3.79,-3.81,-3.81
175.02,-5.20,-1.39,-5.23,-1.42,1.47,1.43,1.76,-3.73,-3.76,-3.81
176.77,-5.20,-1.38,-5.19,-1.37,1.44,1.39,1.70,-3.75,-3.74,-3.82
178.54,-5.20,-1.38,-5.19,-1.38,1.42,1.35,1.64,-3.78,-3.77,-3.81
180.32,-5.20,-1.39,-5.20,-1.39,1.38,1.31,1.58,-3.81,-3.81,-3.81
182.13,-5.20,-1.39,-5.21,-1.41,1.35,1.28,1.52,-3.85,-3.86,-3.80
183.95,-5.20,-1.39,-5.19,-1.39,1.32,1.24,1.47,-3.88,-3.88,-3.81
185.79,-5.20,-1.40,-5.14,-1.33,1.28,1.21,1.41,-3.91,-3.85,-3.80
187.65,-5.03,-1.20,-5.06,-1.24,1.25,1.17,1.36,-3.78,-3.81,-3.82
189.52,-4.97,-1.13,-4.99,-1.16,1.21,1.14,1.31,-3.75,-3.78,-3.84
191.42,-4.97,-1.12,-4.95,-1.10,1.18,1.11,1.25,-3.79,-3.78,-3.85
193.33,-4.97,-1.11,-4.96,-1.10,1.14,1.08,1.20,-3.83,-3.82,-3.86
195.27,-4.97,-1.09,-4.97,-1.09,1.09,1.05,1.15,-3.87,-3.87,-3.87
197.22,-4.97,-1.08,-4.97,-1.08,1.05,1.02,1.11,-3.91,-3.92,-3.88
199.19,-4.97,-1.05,-4.97,-1.07,1.01,0.99,1.06,-3.95,-3.96,-3.91
201.18,-4.97,-1.04,-4.95,-1.02,0.97,0.97,1.01,-3.99,-3.98,-3.92
203.19,-4.92,-0.98,-4.89,-0.95,0.93,0.94,0.97,-3.99,-3.96,-3.93
205.23,-4.80,-0.84,-4.82,-0.87,0.88,0.92,0.93,-3.91,-3.94,-3.95
207.28,-4.74,-0.77,-4.76,-0.79,0.83,0.90,0.88,-3.90,-3.93,-3.96
209.35,-4.74,-0.75,-4.73,-0.74,0.79,0.87,0.84,-3.95,-3.94,-3.98
211.44,-4.74,-0.72,-4.73,-0.73,0.75,0.85,0.80,-3.99,-3.98,-4.01
213.56,-4.74,-0.71,-4.74,-0.72,0.72,0.83,0.76,-4.01,-4.01,-4.02
215.69,-4.74,-0.72,-4.74,-0.71,0.71,0.81,0.73,-4.03,-4.03,-4.02
217.85,-4.74,-0.70,-4.74,-0.70,0.69,0.79,0.69,-4.04,-4.04,-4.04
220.03,-4.74,-0.68,-4.74,-0.68,0.67,0.78,0.66,-4.06,-4.06,-4.05
222.23,-4.74,-0.66,-4.75,-0.68,0.65,0.76,0.62,-4.08,-4.10,-4.07
224.45,-4.74,-0.67,-4.73,-0.66,0.62,0.74,0.59,-4.12,-4.12,-4.07
226.70,-4.74,-0.66,-4.68,-0.61,0.57,0.73,0.56,-4.16,-4.11,-4.08
228.96,-4.59,-0.51,-4.61,-0.54,0.53,0.71,0.53,-4.06,-4.09,-4.07
231.25,-4.53,-0.46,-4.55,-0.47,0.49,0.70,0.51,-4.04,-4.06,-4.07
233.57,-4.51,-0.43,-4.50,-0.43,0.46,0.68,0.48,-4.04,-4.04,-4.08
235.90,-4.51,-0.42,-4.50,-0.42,0.45,0.67,0.46,-4.05,-4.05,-4.08
238.26,-4.51,-0.43,-4.49,-0.41,0.46,0.66,0.44,-4.05,-4.03,-4.08
240.64,-4.51,-0.43,-4.51,-0.44,0.49,0.64,0.42,-4.02,-4.02,-4.07
243.05,-4.52,-0.46,-4.57,-0.51,0.52,0.63,0.40,-3.99,-4.04,-4.06
245.48,-4.68,-0.63,-4.64,-0.60,0.57,0.62,0.38,-4.11,-4.07,-4.04
247.93,-4.74,-0.71,-4.71,-0.68,0.62,0.61,0.37,-4.12,-4.09,-4.03
250.41,-4.74,-0.71,-4.75,-0.73,0.66,0.60,0.36,-4.07,-4.08,-4.02
252.92,-4.74,-0.74,-4.74,-0.74,0.71,0.59,0.35,-4.02,-4.03,-4.00
255.45,-4.74,-0.76,-4.73,-0.76,0.77,0.58,0.34,-3.97,-3.97,-3.97
258.00,-4.74,-0.78,-4.72,-0.76,0.82,0.57,0.33,-3.92,-3.90,-3.96
260.58,-4.74,-0.79,-4.75,-0.81,0.87,0.57,0.32,-3.86,-3.88,-3.95
263.19,-4.76,-0.83,-4.81,-0.88,0.93,0.56,0.32,-3.83,-3.89,-3.92
265.82,-4.95,-1.04,-4.89,-0.98,0.98,0.55,0.32,-3.96,-3.90,-3.91
268.48,-4.97,-1.07,-4.95,-1.06,1.04,0.54,0.32,-3.93,-3.91,-3.89
271.16,-4.97,-1.10,-4.98,-1.11,1.08,0.54,0.32,-3.89,-3.91,-3.87
273.87,-4.97,-1.12,-4.98,-1.14,1.10,0.53,0.32,-3.87,-3.88,-3.85
276.61,-4.97,-1.14,-4.97,-1.14,1.10,0.52,0.32,-3.87,-3.87,-3.82
279.38,-4.97,-1.16,-4.92,-1.12,1.08,0.52,0.33,-3.89,-3.84,-3.81
282.17,-4.80,-1.02,-4.81,-1.03,1.03,0.51,0.34,-3.77,-3.78,-3.78
284.99,-4.69,-0.93,-4.68,-0.93,0.96,0.50,0.34,-3.73,-3.73,-3.75
287.84,-4.52,-0.79,-4.56,-0.84,0.87,0.50,0.35,-3.64,-3.69,-3.72
290.72,-4.51,-0.81,-4.48,-0.78,0.79,0.49,0.36,-3.72,-3.70,-3.70
293.63,-4.40,-0.72,-4.38,-0.71,0.70,0.49,0.37,-3.69,-3.68,-3.68
296.57,-4.30,-0.65,-4.27,-0.62,0.62,0.48,0.38,-3.68,-3.65,-3.64
299.53,-4.11,-0.48,-4.15,-0.53,0.55,0.48,0.40,-3.56,-3.61,-3.62
302.53,-4.06,-0.44,-4.08,-0.48,0.48,0.48,0.41,-3.57,-3.60,-3.62
305.55,-4.06,-0.48,-4.01,-0.43,0.43,0.47,0.43,-3.63,-3.58,-3.58
308.61,-4.00,-0.42,-3.96,-0.39,0.38,0.47,0.44,-3.61,-3.58,-3.57
311.69,-3.85,-0.30,-3.89,-0.35,0.34,0.47,0.46,-3.50,-3.55,-3.54
314.81,-3.83,-0.30,-3.83,-0.31,0.31,0.46,0.48,-3.51,-3.52,-3.52
317.96,-3.83,-0.31,-3.81,-0.29,0.30,0.46,0.49,-3.53,-3.51,-3.52
321.14,-3.83,-0.31,-3.82,-0.31,0.29,0.46,0.51,-3.53,-3.53,-3.52
324.35,-3.83,-0.31,-3.83,-0.31,0.30,0.45,0.53,-3.52,-3.52,-3.52
327.59,-3.83,-0.32,-3.81,-0.31,0.33,0.45,0.55,-3.49,-3.48,-3.50
330.87,-3.83,-0.33,-3.82,-0.33,0.38,0.45,0.57,-3.45,-3.45,-3.49
334.18,-3.83,-0.33,-3.87,-0.38,0.43,0.45,0.59,-3.40,-3.44,-3.49
337.52,-3.96,-0.48,-3.94,-0.46,0.48,0.45,0.61,-3.48,-3.46,-3.48
340.90,-4.04,-0.58,-4.01,-0.55,0.52,0.45,0.64,-3.52,-3.49,-3.46
344.30,-4.06,-0.62,-4.07,-0.63,0.55,0.44,0.66,-3.51,-3.52,-3.44
347.75,-4.06,-0.64,-4.07,-0.65,0.57,0.44,0.68,-3.49,-3.50,-3.42
351.23,-4.06,-0.65,-4.02,-0.62,0.58,0.44,0.71,-3.47,-3.44,-3.40
354.74,-3.96,-0.57,-3.95,-0.57,0.59,0.44,0.73,-3.37,-3.36,-3.38
358.28,-3.85,-0.49,-3.88,-0.52,0.58,0.44,0.76,-3.26,-3.30,-3.35
361.87,-3.83,-0.49,-3.83,-0.50,0.57,0.44,0.78,-3.26,-3.26,-3.34
365.49,-3.83,-0.52,-3.82,-0.50,0.54,0.44,0.81,-3.28,-3.27,-3.31
369.14,-3.83,-0.53,-3.83,-0.54,0.52,0.44,0.84,-3.30,-3.31,-3.30
372.83,-3.83,-0.55,-3.83,-0.56,0.51,0.45,0.86,-3.32,-3.33,-3.28
376.56,-3.83,-0.57,-3.79,-0.54,0.50,0.45,0.89,-3.33,-3.30,-3.26
380.33,-3.74,-0.51,-3.73,-0.49,0.48,0.45,0.92,-3.25,-3.24,-3.23
384.13,-3.63,-0.41,-3.66,-0.44,0.46,0.45,0.95,-3.16,-3.19,-3.21
387.97,-3.60,-0.38,-3.61,-0.40,0.43,0.45,0.98,-3.16,-3.18,-3.21
391.85,-3.60,-0.39,-3.60,-0.40,0.39,0.46,1.01,-3.21,-3.21,-3.20
395.77,-3.60,-0.41,-3.57,-0.38,0.35,0.46,1.03,-3.25,-3.22,-3.18
399.73,-3.54,-0.36,-3.51,-0.34,0.31,0.47,1.06,-3.22,-3.20,-3.17
403.72,-3.41,-0.24,-3.44,-0.27,0.29,0.47,1.09,-3.11,-3.15,-3.16
407.76,-3.37,-0.21,-3.38,-0.22,0.27,0.48,1.12,-3.09,-3.11,-3.16
411.84,-3.37,-0.22,-3.35,-0.21,0.26,0.48,1.15,-3.11,-3.10,-3.15
415.96,-3.37,-0.23,-3.36,-0.22,0.24,0.49,1.18,-3.13,-3.13,-3.14
420.12,-3.37,-0.24,-3.37,-0.24,0.21,0.49,1.21,-3.16,-3.16,-3.13
424.32,-3.37,-0.24,-3.37,-0.25,0.18,0.50,1.23,-3.18,-3.19,-3.13
428.56,-3.37,-0.25,-3.33,-0.21,0.16,0.51,1.26,-3.21,-3.18,-3.12
432.85,-3.28,-0.16,-3.27,-0.15,0.13,0.52,1.28,-3.15,-3.14,-3.12
437.18,-3.17,-0.06,-3.20,-0.09,0.11,0.53,1.31,-3.06,-3.09,-3.11
441.55,-3.15,-0.05,-3.15,-0.05,0.09,0.54,1.33,-3.06,-3.06,-3.10
445.96,-3.15,-0.05,-3.13,-0.04,0.09,0.55,1.35,-3.06,-3.05,-3.09
450.42,-3.15,-0.05,-3.13,-0.05,0.10,0.56,1.37,-3.05,-3.03,-3.09
454.93,-3.15,-0.07,-3.16,-0.08,0.12,0.57,1.39,-3.03,-3.04,-3.07
459.48,-3.19,-0.11,-3.22,-0.16,0.15,0.58,1.40,-3.03,-3.07,-3.07
464.07,-3.34,-0.28,-3.29,-0.24,0.19,0.60,1.42,-3.14,-3.10,-3.05
468.71,-3.37,-0.33,-3.35,-0.31,0.25,0.61,1.43,-3.12,-3.11,-3.03
473.40,-3.37,-0.33,-3.38,-0.35,0.30,0.63,1.43,-3.06,-3.07,-3.03
478.13,-3.37,-0.35,-3.36,-0.34,0.36,0.64,1.44,-3.00,-3.00,-3.01
482.91,-3.37,-0.36,-3.36,-0.36,0.42,0.66,1.44,-2.95,-2.94,-3.00
487.74,-3.37,-0.39,-3.40,-0.42,0.47,0.68,1.44,-2.90,-2.93,-2.97
492.62,-3.46,-0.51,-3.46,-0.51,0.51,0.70,1.43,-2.94,-2.95,-2.94
497.55,-3.57,-0.64,-3.53,-0.61,0.57,0.72,1.42,-3.00,-2.97,-2.92
502.52,-3.60,-0.69,-3.58,-0.68,0.63,0.74,1.41,-2.96,-2.95,-2.91
507.55,-3.60,-0.71,-3.59,-0.71,0.71,0.77,1.40,-2.89,-2.88,-2.89
512.62,-3.60,-0.74,-3.61,-0.76,0.80,0.79,1.38,-2.80,-2.81,-2.86
517.75,-3.64,-0.81,-3.66,-0.83,0.89,0.82,1.36,-2.74,-2.77,-2.83
522.93,-3.79,-0.98,-3.74,-0.94,0.98,0.85,1.34,-2.81,-2.77,-2.81
528.16,-3.83,-1.04,-3.85,-1.07,1.06,0.88,1.31,-2.77,-2.79,-2.79
533.44,-3.95,-1.18,-3.95,-1.18,1.13,0.91,1.28,-2.81,-2.82,-2.77
538.77,-4.04,-1.29,-4.01,-1.27,1.21,0.94,1.24,-2.83,-2.80,-2.75
544.16,-4.06,-1.33,-4.06,-1.33,1.28,0.97,1.21,-2.78,-2.78,-2.73
549.60,-4.06,-1.35,-4.05,-1.34,1.35,1.01,1.17,-2.71,-2.71,-2.71
555.10,-4.06,-1.35,-4.05,-1.35,1.40,1.04,1.13,-2.65,-2.65,-2.71
560.65,-4.06,-1.36,-4.09,-1.40,1.45,1.08,1.09,-2.61,-2.64,-2.70
566.25,-4.16,-1.47,-4.16,-1.47,1.49,1.12,1.04,-2.67,-2.67,-2.69
571.92,-4.27,-1.58,-4.23,-1.54,1.52,1.16,1.00,-2.75,-2.71,-2.69
577.64,-4.29,-1.59,-4.28,-1.59,1.55,1.20,0.95,-2.74,-2.74,-2.70
583.41,-4.29,-1.59,-4.29,-1.60,1.57,1.24,0.90,-2.71,-2.72,-2.70
589.25,-4.29,-1.60,-4.29,-1.60,1.60,1.28,0.85,-2.69,-2.69,-2.69
595.14,-4.29,-1.61,-4.29,-1.60,1.61,1.32,0.80,-2.67,-2.67,-2.68
601.09,-4.29,-1.60,-4.29,-1.60,1.62,1.37,0.74,-2.67,-2.67,-2.69
607.10,-4.29,-1.61,-4.29,-1.60,1.61,1.41,0.69,-2.67,-2.67,-2.68
613.17,-4.29,-1.61,-4.29,-1.61,1.61,1.45,0.64,-2.68,-2.68,-2.68
619.30,-4.29,-1.61,-4.29,-1.61,1.60,1.49,0.58,-2.68,-2.68,-2.68
625.50,-4.29,-1.61,-4.29,-1.60,1.60,1.53,0.53,-2.68,-2.68,-2.68
631.75,-4.29,-1.60,-4.29,-1.60,1.61,1.57,0.47,-2.68,-2.68,-2.69
638.07,-4.29,-1.61,-4.29,-1.60,1.62,1.60,0.41,-2.67,-2.67,-2.68
644.45,-4.29,-1.60,-4.29,-1.60,1.62,1.63,0.36,-2.67,-2.67,-2.69
650.89,-4.29,-1.61,-4.29,-1.61,1.62,1.66,0.30,-2.67,-2.67,-2.68
657.40,-4.29,-1.62,-4.29,-1.62,1.60,1.68,0.24,-2.68,-2.69,-2.67
663.98,-4.29,-1.63,-4.30,-1.64,1.59,1.70,0.19,-2.70,-2.71,-2.66
670.62,-4.29,-1.64,-4.27,-1.62,1.57,1.71,0.13,-2.71,-2.69,-2.65
677.32,-4.24,-1.60,-4.21,-1.57,1.56,1.72,0.07,-2.68,-2.65,-2.64
684.10,-4.11,-1.48,-4.13,-1.51,1.54,1.71,0.02,-2.56,-2.59,-2.63
690.94,-4.06,-1.45,-4.07,-1.46,1.52,1.70,-0.04,-2.53,-2.55,-2.61
697.85,-4.06,-1.47,-4.05,-1.46,1.50,1.69,-0.10,-2.56,-2.55,-2.59
704.83,-4.06,-1.49,-4.06,-1.49,1.48,1.66,-0.15,-2.58,-2.59,-2.57
711.87,-4.06,-1.51,-4.04,-1.49,1.45,1.63,-0.21,-2.60,-2.59,-2.55
718.99,-4.03,-1.49,-3.98,-1.45,1.43,1.59,-0.27,-2.60,-2.56,-2.53
726.18,-3.88,-1.36,-3.92,-1.41,1.40,1.54,-0.32,-2.48,-2.52,-2.51
733.44,-3.83,-1.33,-3.85,-1.36,1.36,1.48,-0.38,-2.46,-2.49,-2.49
740.78,-3.83,-1.36,-3.77,-1.30,1.32,1.41,-0.44,-2.51,-2.45,-2.46
748.19,-3.70,-1.25,-3.72,-1.28,1.27,1.34,-0.49,-2.43,-2.45,-2.44
755.67,-3.61,-1.17,-3.64,-1.21,1.21,1.26,-0.55,-2.40,-2.43,-2.43
763.23,-3.60,-1.18,-3.53,-1.12,1.15,1.17,-0.61,-2.45,-2.39,-2.41
770.86,-3.43,-1.02,-3.46,-1.07,1.08,1.08,-0.67,-2.34,-2.38,-2.40
778.57,-3.37,-0.98,-3.40,-1.01,1.01,0.98,-0.72,-2.35,-2.38,-2.38
786.35,-3.37,-0.99,-3.33,-0.96,0.94,0.87,-0.78,-2.42,-2.39,-2.37
794.22,-3.27,-0.89,-3.26,-0.89,0.87,0.77,-0.84,-2.40,-2.39,-2.37
802.16,-3.17,-0.80,-3.14,-0.78,0.78,0.65,-0.90,-2.38,-2.36,-2.36
810.18,-2.99,-0.63,-3.03,-0.68,0.69,0.54,-0.95,-2.30,-2.34,-2.35
818.28,-2.92,-0.56,-2.93,-0.58,0.59,0.42,-1.01,-2.33,-2.35,-2.35
826.46,-2.89,-0.53,-2.84,-0.49,0.47,0.30,-1.07,-2.41,-2.37,-2.35
834.73,-2.74,-0.37,-2.75,-0.39,0.35,0.17,-1.13,-2.39,-2.40,-2.36
843.08,-2.61,-0.23,-2.61,-0.24,0.23,0.05,-1.18,-2.38,-2.38,-2.37
851.51,-2.48,-0.08,-2.46,-0.06,0.10,-0.08,-1.24,-2.38,-2.36,-2.39
860.02,-2.32,0.10,-2.35,0.06,-0.03,-0.21,-1.30,-2.34,-2.38,-2.41
868.62,-2.24,0.20,-2.25,0.18,-0.16,-0.34,-1.36,-2.39,-2.41,-2.43
877.31,-2.22,0.24,-2.16,0.29,-0.29,-0.47,-1.41,-2.51,-2.45,-2.45
886.08,-2.05,0.43,-2.07,0.40,-0.43,-0.60,-1.47,-2.48,-2.50,-2.47
894.94,-1.94,0.56,-1.94,0.56,-0.57,-0.74,-1.53,-2.51,-2.51,-2.49
903.89,-1.81,0.71,-1.80,0.71,-0.72,-0.87,-1.58,-2.52,-2.52,-2.51
912.93,-1.66,0.88,-1.68,0.85,-0.86,-1.00,-1.64,-2.52,-2.55,-2.53
922.06,-1.57,0.98,-1.53,1.02,-1.01,-1.13,-1.69,-2.58,-2.54,-2.54
931.28,-1.38,1.19,-1.36,1.20,-1.17,-1.27,-1.75,-2.55,-2.53,-2.56
940.59,-1.15,1.42,-1.19,1.37,-1.34,-1.40,-1.80,-2.48,-2.53,-2.56
950.00,-1.04,1.53,-1.04,1.53,-1.52,-1.53,-1.86,-2.56,-2.56,-2.56
959.50,-0.91,1.66,-0.90,1.66,-1.71,-1.66,-1.91,-2.61,-2.60,-2.56
969.09,-0.77,1.78,-0.74,1.81,-1.89,-1.79,-1.96,-2.65,-2.63,-2.54
978.78,-0.53,2.01,-0.51,2.02,-2.06,-1.91,-2.02,-2.58,-2.57,-2.53
988.57,-0.27,2.26,-0.28,2.24,-2.21,-2.04,-2.07,-2.48,-2.49,-2.52
998.46,-0.02,2.49,-0.05,2.45,-2.35,-2.16,-2.12,-2.37,-2.40,-2.50
1008.44,0.08,2.56,0.12,2.59,-2.48,-2.28,-2.17,-2.40,-2.37,-2.47
1018.53,0.23,2.69,0.20,2.65,-2.61,-2.39,-2.22,-2.38,-2.41,-2.45
1028.71,0.27,2.71,0.25,2.68,-2.74,-2.51,-2.27,-2.46,-2.49,-2.43
1039.00,0.27,2.69,0.34,2.76,-2.85,-2.62,-2.32,-2.58,-2.51,-2.41
1049.39,0.42,2.83,0.45,2.85,-2.95,-2.72,-2.37,-2.52,-2.50,-2.40
1059.88,0.66,3.06,0.61,3.00,-3.03,-2.83,-2.42,-2.37,-2.42,-2.39
1070.48,0.74,3.12,0.78,3.15,-3.10,-2.93,-2.47,-2.36,-2.32,-2.37
1081.19,0.91,3.27,0.89,3.25,-3.16,-3.02,-2.52,-2.24,-2.27,-2.35
1092.00,0.96,3.30,0.95,3.28,-3.20,-3.12,-2.57,-2.24,-2.26,-2.33
1102.92,0.96,3.27,0.98,3.28,-3.23,-3.21,-2.62,-2.26,-2.25,-2.30
1113.95,0.96,3.25,0.97,3.25,-3.23,-3.30,-2.67,-2.27,-2.26,-2.28
1125.09,0.96,3.21,0.96,3.20,-3.22,-3.38,-2.73,-2.25,-2.26,-2.24
1136.34,0.96,3.17,0.95,3.15,-3.19,-3.47,-2.78,-2.23,-2.24,-2.20
1147.70,0.96,3.12,0.98,3.13,-3.17,-3.56,-2.83,-2.21,-2.20,-2.15
1159.18,1.01,3.13,1.04,3.15,-3.17,-3.64,-2.89,-2.16,-2.13,-2.11
1170.77,1.15,3.22,1.14,3.20,-3.20,-3.73,-2.95,-2.05,-2.06,-2.06
1182.48,1.28,3.30,1.26,3.27,-3.26,-3.82,-3.00,-1.98,-2.00,-2.01
1194.30,1.39,3.34,1.41,3.35,-3.36,-3.91,-3.06,-1.97,-1.95,-1.94
1206.25,1.56,3.45,1.59,3.47,-3.50,-4.00,-3.13,-1.94,-1.91,-1.88
1218.31,1.81,3.63,1.81,3.63,-3.67,-4.10,-3.19,-1.86,-1.87,-1.81
1230.49,2.08,3.85,2.07,3.83,-3.87,-4.20,-3.25,-1.79,-1.80,-1.76
1242.80,2.34,4.06,2.35,4.06,-4.08,-4.31,-3.32,-1.74,-1.73,-1.71
1255.22,2.64,4.30,2.65,4.30,-4.29,-4.42,-3.39,-1.65,-1.64,-1.65
1267.78,2.96,4.56,2.99,4.58,-4.51,-4.53,-3.46,-1.54,-1.52,-1.59
1280.45,3.30,4.84,3.29,4.82,-4.72,-4.65,-3.54,-1.42,-1.43,-1.53
1293.26,3.61,5.08,3.54,5.00,-4.94,-4.78,-3.62,-1.33,-1.41,-1.46
1306.19,3.69,5.11,3.74,5.15,-5.17,-4.91,-3.70,-1.47,-1.42,-1.41
1319.25,3.91,5.27,3.95,5.30,-5.39,-5.05,-3.78,-1.47,-1.44,-1.35
1332.45,4.20,5.50,4.20,5.50,-5.61,-5.20,-3.87,-1.40,-1.40,-1.29
1345.77,4.53,5.78,4.53,5.77,-5.82,-5.35,-3.96,-1.28,-1.28,-1.24
1359.23,4.87,6.06,4.87,6.05,-6.02,-5.51,-4.05,-1.14,-1.15,-1.18
1372.82,5.18,6.31,5.19,6.31,-6.22,-5.67,-4.15,-1.03,-1.03,-1.12
1386.55,5.45,6.52,5.44,6.51,-6.42,-5.84,-4.24,-0.96,-0.97,-1.06
1400.41,5.68,6.70,5.65,6.66,-6.61,-6.02,-4.35,-0.93,-0.97,-1.01
1414.42,5.79,6.75,5.83,6.78,-6.81,-6.21,-4.45,-1.01,-0.97,-0.95
1428.56,6.01,6.91,6.03,6.92,-6.99,-6.40,-4.56,-0.98,-0.96,-0.89
1442.85,6.27,7.11,6.26,7.09,-7.18,-6.60,-4.67,-0.90,-0.91,-0.83
1457.28,6.53,7.31,6.53,7.30,-7.36,-6.80,-4.79,-0.83,-0.84,-0.77
1471.85,6.79,7.51,6.80,7.51,-7.55,-7.01,-4.91,-0.76,-0.75,-0.71
1486.57,7.05,7.72,7.07,7.73,-7.73,-7.23,-5.03,-0.67,-0.66,-0.66
1501.43,7.32,7.93,7.31,7.91,-7.87,-7.44,-5.16,-0.55,-0.56,-0.60
1516.45,7.53,8.08,7.52,8.07,-7.97,-7.66,-5.29,-0.44,-0.45,-0.54
1531.61,7.65,8.16,7.69,8.18,-8.03,-7.88,-5.42,-0.37,-0.34,-0.50
1546.93,7.77,8.22,7.75,8.19,-8.05,-8.10,-5.56,-0.28,-0.30,-0.44
1562.40,7.79,8.18,7.72,8.10,-8.05,-8.31,-5.69,-0.26,-0.33,-0.38
1578.02,7.63,7.96,7.67,8.00,-8.06,-8.52,-5.84,-0.43,-0.39,-0.32
1593.80,7.57,7.86,7.64,7.92,-8.09,-8.73,-5.98,-0.51,-0.45,-0.28
1609.74,7.75,7.98,7.71,7.93,-8.14,-8.92,-6.13,-0.39,-0.43,-0.22
1625.84,7.88,8.06,7.91,8.08,-8.22,-9.09,-6.27,-0.33,-0.31,-0.17
1642.10,8.17,8.29,8.21,8.32,-8.33,-9.25,-6.42,-0.15,-0.12,-0.11
1658.52,8.51,8.56,8.49,8.54,-8.47,-9.39,-6.57,0.04,0.02,-0.04
1675.10,8.82,8.81,8.76,8.75,-8.63,-9.50,-6.73,0.19,0.13,0.02
1691.85,8.92,8.85,8.96,8.88,-8.79,-9.59,-6.88,0.14,0.17,0.08
1708.77,9.10,8.96,9.10,8.95,-8.93,-9.65,-7.03,0.18,0.17,0.15
1725.86,9.21,9.00,9.22,9.00,-9.02,-9.67,-7.17,0.19,0.20,0.22
1743.12,9.35,9.05,9.37,9.06,-9.08,-9.66,-7.32,0.28,0.29,0.31
1760.55,9.49,9.10,9.49,9.09,-9.09,-9.62,-7.46,0.40,0.40,0.40
1778.15,9.60,9.12,9.58,9.10,-9.08,-9.54,-7.59,0.53,0.50,0.49
1795.94,9.62,9.06,9.63,9.06,-9.04,-9.44,-7.72,0.59,0.59,0.57
1813.90,9.62,8.98,9.63,8.98,-8.98,-9.30,-7.84,0.65,0.66,0.65
1832.03,9.62,8.89,9.64,8.90,-8.90,-9.14,-7.96,0.72,0.74,0.74
1850.36,9.62,8.80,9.63,8.80,-8.80,-8.95,-8.06,0.82,0.82,0.83
1868.86,9.62,8.72,9.59,8.68,-8.69,-8.75,-8.15,0.93,0.90,0.91
1887.55,9.51,8.53,9.52,8.53,-8.56,-8.53,-8.22,0.95,0.96,0.99
1906.42,9.41,8.35,9.46,8.39,-8.41,-8.29,-8.28,1.00,1.05,1.07
1925.49,9.39,8.24,9.39,8.24,-8.25,-8.05,-8.32,1.15,1.15,1.16
1944.74,9.38,8.15,9.34,8.10,-8.06,-7.80,-8.35,1.32,1.28,1.24
1964.19,9.21,7.89,9.24,7.91,-7.86,-7.54,-8.36,1.36,1.38,1.33
1983.83,9.11,7.72,9.09,7.68,-7.64,-7.28,-8.34,1.47,1.44,1.40
2003.67,8.88,7.39,8.92,7.43,-7.42,-7.02,-8.31,1.46,1.49,1.50
2023.71,8.73,7.18,8.73,7.16,-7.19,-6.76,-8.26,1.54,1.53,1.56
2043.94,8.57,6.94,8.53,6.89,-6.96,-6.50,-8.19,1.62,1.58,1.64
2064.38,8.32,6.61,8.40,6.68,-6.72,-6.25,-8.09,1.61,1.68,1.72
2085.03,8.25,6.47,8.26,6.47,-6.48,-6.00,-7.98,1.77,1.78,1.79
2105.88,8.20,6.33,8.14,6.26,-6.25,-5.75,-7.86,1.95,1.88,1.88
2126.94,7.99,6.04,8.01,6.04,-6.02,-5.51,-7.71,1.97,1.98,1.96
2148.20,7.82,5.78,7.85,5.80,-5.79,-5.27,-7.55,2.04,2.06,2.05
2169.69,7.67,5.54,7.70,5.56,-5.55,-5.04,-7.37,2.13,2.15,2.14
2191.38,7.58,5.37,7.55,5.33,-5.30,-4.82,-7.19,2.28,2.25,2.22
2213.30,7.39,5.10,7.36,5.06,-5.04,-4.59,-6.99,2.35,2.32,2.30
2235.43,7.13,4.75,7.17,4.79,-4.78,-4.38,-6.78,2.36,2.40,2.39
2257.78,6.93,4.47,6.96,4.50,-4.51,-4.17,-6.56,2.42,2.45,2.47
2280.36,6.81,4.29,6.77,4.24,-4.26,-3.96,-6.34,2.56,2.52,2.53
2303.17,6.58,3.98,6.60,3.99,-4.01,-3.77,-6.11,2.57,2.59,2.61
2326.20,6.45,3.77,6.45,3.77,-3.78,-3.57,-5.88,2.67,2.67,2.69
2349.46,6.27,3.52,6.29,3.53,-3.57,-3.38,-5.64,2.70,2.72,2.76
2372.95,6.20,3.38,6.17,3.35,-3.37,-3.20,-5.40,2.84,2.80,2.83
2396.68,6.02,3.14,6.06,3.17,-3.17,-3.01,-5.15,2.85,2.89,2.89
2420.65,5.97,3.02,5.97,3.01,-2.99,-2.84,-4.91,2.99,2.99,2.96
2444.86,5.88,2.85,5.86,2.83,-2.80,-2.67,-4.66,3.09,3.07,3.04
2469.31,5.77,2.66,5.77,2.65,-2.60,-2.50,-4.42,3.17,3.17,3.12
2494.00,5.60,2.40,5.63,2.42,-2.40,-2.33,-4.17,3.20,3.23,3.21
2518.94,5.52,2.22,5.49,2.19,-2.20,-2.17,-3.92,3.33,3.30,3.31
2544.13,5.34,1.95,5.38,1.98,-1.99,-2.01,-3.68,3.35,3.39,3.40
2569.57,5.29,1.79,5.29,1.78,-1.79,-1.85,-3.43,3.50,3.49,3.51
2595.27,5.22,1.60,5.19,1.56,-1.59,-1.70,-3.18,3.63,3.60,3.63
2621.22,5.09,1.34,5.13,1.37,-1.40,-1.55,-2.94,3.70,3.73,3.76
2647.43,5.06,1.17,5.08,1.18,-1.20,-1.40,-2.70,3.87,3.88,3.90
2673.90,5.06,1.03,5.07,1.03,-1.01,-1.25,-2.45,4.06,4.06,4.04
2700.64,5.06,0.89,5.05,0.87,-0.81,-1.10,-2.21,4.25,4.24,4.18
2727.65,5.04,0.71,4.99,0.66,-0.61,-0.96,-1.97,4.43,4.38,4.34
2754.93,4.87,0.39,4.92,0.43,-0.42,-0.81,-1.73,4.46,4.50,4.49
2782.48,4.83,0.19,4.85,0.20,-0.23,-0.67,-1.49,4.61,4.63,4.65
2810.30,4.83,0.02,4.82,0.01,-0.04,-0.53,-1.25,4.79,4.78,4.82
2838.40,4.83,-0.14,4.83,-0.15,0.13,-0.39,-1.01,4.96,4.96,4.98
2866.79,4.83,-0.31,4.82,-0.33,0.30,-0.25,-0.77,5.13,5.12,5.15
2895.46,4.83,-0.49,4.85,-0.48,0.46,-0.11,-0.53,5.29,5.31,5.33
2924.41,4.86,-0.64,4.91,-0.60,0.61,0.03,-0.30,5.47,5.52,5.51
2953.65,5.02,-0.66,4.98,-0.71,0.75,0.17,-0.06,5.78,5.74,5.69
2983.19,5.06,-0.81,5.05,-0.83,0.89,0.31,0.18,5.95,5.93,5.88
3013.02,5.06,-0.99,5.06,-1.00,1.01,0.46,0.41,6.08,6.08,6.06
3043.15,5.06,-1.17,5.07,-1.17,1.14,0.60,0.65,6.20,6.21,6.24
3073.58,5.06,-1.35,5.12,-1.30,1.26,0.74,0.89,6.32,6.38,6.42
3104.32,5.24,-1.35,5.19,-1.41,1.37,0.89,1.12,6.61,6.56,6.60
3135.36,5.29,-1.47,5.29,-1.48,1.48,1.04,1.36,6.77,6.77,6.77
3166.72,5.35,-1.58,5.39,-1.54,1.57,1.18,1.59,6.93,6.97,6.94
3198.38,5.48,-1.59,5.44,-1.65,1.65,1.33,1.83,7.14,7.09,7.08
3230.37,5.51,-1.71,5.51,-1.72,1.72,1.49,2.06,7.24,7.23,7.23
3262.67,5.51,-1.85,5.58,-1.79,1.78,1.64,2.29,7.30,7.36,7.37
3295.30,5.69,-1.82,5.64,-1.87,1.83,1.80,2.53,7.53,7.48,7.52
3328.25,5.74,-1.91,5.74,-1.92,1.89,1.95,2.75,7.63,7.63,7.66
3361.53,5.79,-1.99,5.84,-1.95,1.94,2.12,2.98,7.74,7.78,7.79
3395.15,5.93,-1.97,5.90,-2.01,2.01,2.28,3.21,7.94,7.91,7.91
3429.10,5.97,-2.05,5.96,-2.06,2.08,2.44,3.43,8.05,8.04,8.03
3463.39,5.97,-2.15,6.00,-2.12,2.17,2.61,3.64,8.14,8.17,8.13
3498.03,5.97,-2.24,5.99,-2.24,2.28,2.78,3.86,8.25,8.27,8.22
3533.01,5.97,-2.33,5.91,-2.40,2.41,2.96,4.06,8.38,8.32,8.31
3568.34,5.77,-2.59,5.78,-2.58,2.57,3.13,4.26,8.34,8.35,8.37
3604.02,5.55,-2.82,5.62,-2.77,2.75,3.31,4.45,8.31,8.37,8.38
3640.06,5.43,-2.94,5.42,-2.96,2.96,3.49,4.64,8.40,8.38,8.38
3676.46,5.21,-3.13,5.18,-3.17,3.19,3.67,4.81,8.40,8.37,8.35
3713.22,4.88,-3.40,4.86,-3.43,3.43,3.85,4.97,8.31,8.29,8.29
3750.36,4.42,-3.78,4.45,-3.75,3.68,4.04,5.12,8.10,8.13,8.21
3787.86,3.99,-4.09,4.01,-4.08,3.93,4.22,5.25,7.92,7.94,8.09
3825.74,3.58,-4.37,3.57,-4.38,4.19,4.40,5.37,7.77,7.76,7.96
3864.00,3.11,-4.69,3.13,-4.68,4.47,4.58,5.48,7.58,7.59,7.81
3902.64,2.66,-4.98,2.62,-5.03,4.75,4.76,5.57,7.42,7.38,7.65
3941.66,2.09,-5.38,2.08,-5.40,5.02,4.93,5.64,7.12,7.10,7.48
3981.08,1.52,-5.78,1.56,-5.74,5.27,5.10,5.69,6.80,6.84,7.31
4020.89,1.07,-6.03,1.12,-5.99,5.49,5.26,5.72,6.57,6.61,7.11
4061.10,0.77,-6.13,0.77,-6.14,5.68,5.41,5.74,6.45,6.45,6.91
4101.71,0.48,-6.22,0.46,-6.25,5.83,5.55,5.74,6.31,6.29,6.71
4142.73,0.11,-6.41,0.09,-6.43,5.94,5.68,5.72,6.05,6.03,6.53
4184.15,-0.38,-6.71,-0.40,-6.74,6.01,5.79,5.69,5.63,5.61,6.34
4226.00,-1.00,-7.14,-1.00,-7.15,6.04,5.89,5.63,5.05,5.04,6.15
4268.26,-1.66,-7.62,-1.65,-7.62,6.05,5.97,5.57,4.40,4.40,5.97
4310.94,-2.32,-8.08,-2.28,-8.05,6.04,6.02,5.49,3.72,3.76,5.77
4354.05,-2.85,-8.42,-2.83,-8.41,6.02,6.06,5.40,3.17,3.19,5.58
4397.59,-3.30,-8.69,-3.30,-8.69,6.01,6.08,5.29,2.72,2.71,5.40
4441.56,-3.76,-8.95,-3.75,-8.95,6.03,6.07,5.18,2.28,2.28,5.20
4485.98,-4.23,-9.21,-4.26,-9.25,6.05,6.04,5.06,1.82,1.79,4.99
4530.84,-4.86,-9.63,-4.86,-9.64,6.05,5.98,4.93,1.19,1.18,4.78
4576.15,-5.55,-10.09,-5.56,-10.11,6.02,5.90,4.79,0.47,0.46,4.55
4621.91,-6.30,-10.62,-6.30,-10.62,5.96,5.80,4.65,-0.33,-0.33,4.33
4668.13,-7.05,-11.13,-6.99,-11.08,5.87,5.67,4.50,-1.18,-1.13,4.09
4714.81,-7.66,-11.50,-7.65,-11.50,5.73,5.53,4.35,-1.92,-1.92,3.85
4761.96,-8.25,-11.86,-8.27,-11.88,5.56,5.37,4.20,-2.68,-2.71,3.62
4809.58,-8.90,-12.26,-8.91,-12.28,5.35,5.19,4.04,-3.54,-3.56,3.37
4857.67,-9.59,-12.70,-9.64,-12.75,5.11,5.00,3.89,-4.47,-4.52,3.12
4906.25,-10.34,-13.20,-10.36,-13.23,4.85,4.79,3.73,-5.48,-5.51,2.87
4955.31,-11.00,-13.60,-10.96,-13.57,4.58,4.58,3.58,-6.42,-6.38,2.61
5004.87,-11.28,-13.64,-11.26,-13.63,4.30,4.35,3.42,-6.98,-6.96,2.37
5054.91,-11.12,-13.25,-11.04,-13.18,4.03,4.11,3.26,-7.08,-7.01,2.14
5105.46,-10.37,-12.28,-10.28,-12.20,3.78,3.87,3.11,-6.59,-6.51,1.92
5156.52,-9.04,-10.75,-9.02,-10.74,3.52,3.62,2.95,-5.52,-5.51,1.72
5208.08,-7.56,-9.08,-7.55,-9.08,3.26,3.37,2.80,-4.30,-4.29,1.53
5260.16,-6.02,-7.37,-6.17,-7.53,3.00,3.11,2.65,-3.02,-3.17,1.36
5312.77,-5.05,-6.25,-5.08,-6.29,2.74,2.85,2.49,-2.30,-2.34,1.21
5365.89,-4.32,-5.38,-4.29,-5.37,2.48,2.59,2.35,-1.83,-1.81,1.07
5419.55,-3.75,-4.70,-3.71,-4.67,2.23,2.32,2.20,-1.52,-1.49,0.96
5473.75,-3.17,-4.03,-3.15,-4.02,1.97,2.05,2.05,-1.20,-1.18,0.87
5528.49,-2.60,-3.39,-2.58,-3.38,1.71,1.78,1.91,-0.89,-0.87,0.80
5583.77,-1.99,-2.73,-2.00,-2.75,1.45,1.51,1.76,-0.54,-0.55,0.75
5639.61,-1.43,-2.16,-1.43,-2.18,1.19,1.24,1.62,-0.24,-0.25,0.74
5696.00,-0.90,-1.65,-0.89,-1.65,0.93,0.97,1.48,0.03,0.04,0.76
5752.96,-0.38,-1.17,-0.37,-1.17,0.66,0.70,1.34,0.29,0.30,0.80
5810.49,0.15,-0.71,0.16,-0.72,0.40,0.43,1.20,0.56,0.56,0.87
5868.60,0.67,-0.26,0.66,-0.29,0.15,0.16,1.06,0.82,0.81,0.94
5927.28,1.13,0.11,1.11,0.07,-0.10,-0.11,0.92,1.04,1.01,1.03
5986.56,1.52,0.41,1.48,0.36,-0.34,-0.37,0.79,1.19,1.15,1.12
6046.42,1.83,0.64,1.79,0.58,-0.56,-0.63,0.65,1.28,1.23,1.20
6106.89,2.09,0.84,2.05,0.79,-0.77,-0.88,0.52,1.33,1.29,1.26
6167.96,2.35,1.06,2.28,0.98,-0.96,-1.12,0.38,1.39,1.32,1.30
6229.64,2.61,1.31,2.46,1.15,-1.14,-1.35,0.25,1.47,1.32,1.31
6291.93,2.76,1.48,2.62,1.34,-1.32,-1.57,0.12,1.45,1.31,1.29
6354.85,2.93,1.69,2.74,1.50,-1.50,-1.77,-0.01,1.43,1.24,1.25
6418.40,3.17,2.01,2.81,1.66,-1.70,-1.95,-0.14,1.47,1.11,1.17
6482.58,3.25,2.20,2.88,1.84,-1.92,-2.11,-0.27,1.33,0.96,1.06
6547.41,3.46,2.57,2.95,2.06,-2.16,-2.25,-0.40,1.30,0.79,0.90
6612.88,3.77,3.07,3.04,2.31,-2.41,-2.37,-0.53,1.36,0.63,0.71
6679.01,4.14,3.66,3.16,2.61,-2.65,-2.46,-0.66,1.49,0.50,0.49
6745.80,4.59,4.35,3.26,2.89,-2.86,-2.52,-0.78,1.73,0.40,0.25
6813.26,5.11,5.14,3.30,3.10,-3.01,-2.56,-0.91,2.10,0.29,-0.02
6881.39,5.63,5.93,3.28,3.23,-3.09,-2.58,-1.03,2.54,0.19,-0.29
6950.21,6.07,6.64,3.17,3.24,-3.08,-2.58,-1.15,2.99,0.09,-0.56
7019.71,6.51,7.34,2.97,3.13,-2.99,-2.56,-1.27,3.53,-0.02,-0.82
7089.91,6.77,7.84,2.66,2.89,-2.81,-2.52,-1.38,3.96,-0.15,-1.06
7160.81,6.70,8.02,2.28,2.58,-2.58,-2.47,-1.49,4.13,-0.29,-1.31
7232.41,6.23,7.80,1.89,2.23,-2.31,-2.41,-1.60,3.92,-0.42,-1.56
7304.74,5.68,7.49,1.55,1.93,-2.05,-2.34,-1.71,3.64,-0.50,-1.80
7377.79,5.06,7.09,1.28,1.70,-1.81,-2.27,-1.81,3.26,-0.52,-2.02
7451.56,4.45,6.69,1.09,1.53,-1.61,-2.19,-1.90,2.85,-0.52,-2.23
7526.08,3.68,6.12,0.96,1.42,-1.46,-2.11,-1.99,2.22,-0.51,-2.43
7601.34,2.94,5.56,0.87,1.37,-1.38,-2.03,-2.07,1.56,-0.51,-2.61
7677.35,2.16,4.94,0.83,1.35,-1.35,-1.96,-2.14,0.81,-0.52,-2.77
7754.13,1.52,4.45,0.82,1.37,-1.36,-1.88,-2.21,0.16,-0.54,-2.92
7831.67,0.89,3.95,0.83,1.41,-1.40,-1.81,-2.26,-0.50,-0.57,-3.05
7909.98,0.35,3.49,0.85,1.46,-1.45,-1.74,-2.31,-1.10,-0.60,-3.13
7989.08,-0.10,3.09,0.88,1.52,-1.51,-1.67,-2.35,-1.61,-0.63,-3.18
8068.98,-0.48,2.72,0.91,1.58,-1.58,-1.61,-2.39,-2.05,-0.67,-3.19
8149.67,-0.72,2.42,0.94,1.65,-1.64,-1.55,-2.41,-2.36,-0.71,-3.13
8231.16,-0.85,2.17,0.95,1.71,-1.70,-1.50,-2.42,-2.54,-0.75,-3.01
8313.47,-0.87,1.93,0.94,1.75,-1.74,-1.45,-2.43,-2.61,-0.80,-2.79
8396.61,-0.87,1.63,0.91,1.78,-1.77,-1.41,-2.43,-2.63,-0.85,-2.49
8480.57,-0.87,1.22,0.86,1.80,-1.78,-1.37,-2.42,-2.65,-0.92,-2.08
8565.38,-0.87,0.75,0.78,1.79,-1.78,-1.33,-2.40,-2.64,-1.00,-1.61
8651.03,-0.79,0.28,0.67,1.77,-1.76,-1.30,-2.38,-2.54,-1.09,-1.06
8737.54,-0.56,-0.12,0.54,1.73,-1.73,-1.27,-2.35,-2.28,-1.19,-0.43
8824.92,-0.30,-0.54,0.39,1.68,-1.69,-1.24,-2.31,-1.98,-1.30,0.25
8913.17,0.04,-0.91,0.23,1.63,-1.64,-1.22,-2.28,-1.60,-1.41,0.96
9002.30,0.34,-1.34,0.06,1.58,-1.59,-1.20,-2.23,-1.25,-1.53,1.69
9092.32,0.72,-1.65,-0.11,1.53,-1.54,-1.19,-2.19,-0.82,-1.65,2.38
9183.25,1.22,-1.77,-0.27,1.48,-1.49,-1.17,-2.14,-0.27,-1.77,3.00
9275.08,1.80,-1.75,-0.44,1.44,-1.45,-1.16,-2.09,0.36,-1.88,3.56
9367.83,2.38,-1.62,-0.60,1.39,-1.40,-1.16,-2.03,0.99,-2.00,4.01
9461.51,2.91,-1.37,-0.77,1.34,-1.33,-1.15,-1.98,1.58,-2.10,4.29
9556.12,3.27,-1.10,-0.96,1.29,-1.25,-1.15,-1.93,2.02,-2.21,4.38
9651.68,3.63,-0.60,-1.15,1.22,-1.17,-1.15,-1.88,2.46,-2.32,4.24
9748.20,3.92,-0.00,-1.35,1.14,-1.09,-1.15,-1.83,2.83,-2.44,3.93
9845.68,4.11,0.67,-1.57,1.04,-1.02,-1.15,-1.78,3.09,-2.59,3.45
9944.14,4.05,1.24,-1.80,0.92,-0.96,-1.16,-1.73,3.10,-2.76,2.82
10043.58,3.82,1.79,-2.05,0.79,-0.91,-1.16,-1.68,2.91,-2.96,2.04
10144.02,3.33,2.21,-2.14,0.83,-0.88,-1.17,-1.63,2.45,-3.02,1.13
10245.46,2.62,2.50,-2.24,0.86,-0.87,-1.18,-1.59,1.76,-3.11,0.13
10347.91,1.51,2.42,-2.35,0.90,-0.88,-1.19,-1.55,0.64,-3.22,-0.90
10451.39,0.14,2.07,-2.45,0.93,-0.91,-1.20,-1.51,-0.76,-3.35,-1.92
10555.91,-1.23,1.65,-2.55,0.97,-0.95,-1.22,-1.47,-2.17,-3.50,-2.87
10661.46,-2.50,1.25,-2.66,1.01,-0.99,-1.23,-1.44,-3.49,-3.66,-3.74
10768.08,-3.52,1.01,-2.77,1.04,-1.04,-1.25,-1.41,-4.56,-3.81,-4.52
10875.76,-4.44,0.73,-2.88,1.08,-1.08,-1.27,-1.38,-5.51,-3.96,-5.16
10984.52,-5.54,0.13,-3.00,1.11,-1.11,-1.29,-1.36,-6.65,-4.11,-5.66
11094.36,-6.73,-0.69,-3.11,1.15,-1.15,-1.31,-1.34,-7.88,-4.26,-6.03
11205.31,-8.05,-1.77,-3.23,1.19,-1.19,-1.33,-1.32,-9.23,-4.42,-6.27
11317.36,-9.34,-2.89,-3.35,1.22,-1.22,-1.35,-1.30,-10.56,-4.58,-6.44
11430.53,-10.50,-3.94,-3.47,1.26,-1.26,-1.37,-1.29,-11.76,-4.73,-6.55
11544.84,-11.59,-4.96,-3.60,1.30,-1.30,-1.40,-1.28,-12.88,-4.90,-6.62
11660.29,-12.73,-6.00,-3.73,1.33,-1.33,-1.42,-1.27,-14.06,-5.06,-6.72
11776.89,-13.71,-6.82,-3.85,1.37,-1.37,-1.45,-1.27,-15.08,-5.22,-6.88
11894.66,-14.57,-7.49,-3.98,1.41,-1.41,-1.47,-1.27,-15.97,-5.39,-7.07
12013.60,-15.00,-7.70,-4.12,1.45,-1.45,-1.50,-1.27,-16.44,-5.56,-7.29
12133.74,-14.73,-7.20,-4.25,1.48,-1.48,-1.53,-1.28,-16.21,-5.74,-7.52
12255.08,-14.02,-6.27,-4.39,1.52,-1.52,-1.56,-1.29,-15.54,-5.91,-7.74
12377.63,-13.10,-5.12,-4.53,1.56,-1.56,-1.59,-1.31,-14.66,-6.09,-7.97
12501.41,-11.98,-3.75,-4.67,1.60,-1.60,-1.62,-1.33,-13.57,-6.27,-8.22
12626.42,-10.80,-2.35,-4.81,1.64,-1.64,-1.65,-1.35,-12.43,-6.45,-8.44
12752.68,-9.67,-1.05,-4.95,1.68,-1.68,-1.69,-1.38,-11.34,-6.63,-8.61
12880.21,-8.74,-0.01,-5.10,1.72,-1.72,-1.72,-1.42,-10.45,-6.82,-8.72
13009.01,-8.09,0.68,-5.25,1.75,-1.75,-1.75,-1.46,-9.84,-7.00,-8.76
13139.10,-7.66,1.11,-5.40,1.79,-1.79,-1.79,-1.50,-9.45,-7.20,-8.76
13270.49,-7.34,1.39,-5.55,1.83,-1.83,-1.83,-1.56,-9.17,-7.39,-8.72
13403.20,-7.26,1.38,-5.71,1.87,-1.87,-1.86,-1.62,-9.13,-7.58,-8.63
13537.23,-7.28,1.26,-5.87,1.91,-1.91,-1.90,-1.68,-9.19,-7.78,-8.53
13672.60,-7.49,0.91,-6.03,1.95,-1.95,-1.94,-1.76,-9.44,-7.98,-8.39
13809.33,-7.67,0.59,-6.19,1.99,-1.99,-1.98,-1.84,-9.66,-8.18,-8.25
13947.42,-7.70,0.43,-6.35,2.03,-2.03,-2.02,-1.93,-9.73,-8.38,-8.12
14086.90,-7.70,0.34,-6.52,2.07,-2.07,-2.06,-2.03,-9.77,-8.59,-8.03
14227.77,-7.54,0.51,-6.68,2.11,-2.11,-2.10,-2.14,-9.65,-8.80,-8.04
14370.04,-7.49,0.70,-6.85,2.16,-2.16,-2.14,-2.25,-9.64,-9.01,-8.18
14513.74,-7.72,0.75,-7.02,2.20,-2.20,-2.18,-2.38,-9.91,-9.22,-8.46
14658.88,-8.12,0.77,-7.20,2.24,-2.24,-2.23,-2.52,-10.35,-9.44,-8.88
14805.47,-8.58,0.85,-7.37,2.28,-2.28,-2.27,-2.66,-10.85,-9.65,-9.42
14953.52,-9.04,1.00,-7.55,2.32,-2.32,-2.32,-2.80,-11.36,-9.87,-10.03
15103.06,-9.70,1.03,-7.73,2.36,-2.36,-2.36,-2.95,-12.06,-10.09,-10.72
15254.09,-10.47,0.95,-7.91,2.40,-2.40,-2.41,-3.10,-12.87,-10.32,-11.41
15406.63,-11.26,0.83,-8.10,2.45,-2.45,-2.45,-3.23,-13.70,-10.54,-12.08
15560.70,-12.11,0.61,-8.28,2.49,-2.49,-2.50,-3.35,-14.59,-10.77,-12.71
15716.30,-12.81,0.45,-8.47,2.53,-2.53,-2.55,-3.43,-15.34,-11.00,-13.25
15873.47,-13.46,0.26,-8.66,2.57,-2.57,-2.59,-3.49,-16.03,-11.23,-13.71
16032.20,-13.99,0.10,-8.85,2.62,-2.62,-2.64,-3.49,-16.60,-11.47,-14.08
16192.52,-14.10,0.33,-9.05,2.66,-2.66,-2.69,-3.45,-16.76,-11.71,-14.42
16354.45,-13.64,1.01,-9.24,2.70,-2.70,-2.74,-3.36,-16.34,-11.95,-14.64
16517.99,-12.77,1.96,-9.44,2.75,-2.75,-2.78,-3.22,-15.51,-12.19,-14.72
16683.17,-11.59,3.07,-9.64,2.79,-2.79,-2.83,-3.03,-14.38,-12.43,-14.65
16850.01,-10.15,4.27,-9.84,2.83,-2.83,-2.88,-2.82,-12.98,-12.68,-14.41
17018.51,-8.59,5.46,-10.05,2.88,-2.88,-2.93,-2.59,-11.46,-12.93,-14.04
17188.69,-7.08,6.67,-10.25,2.92,-2.92,-2.97,-2.35,-10.00,-13.18,-13.74
17360.58,-5.55,7.84,-10.46,2.97,-2.97,-3.02,-2.11,-8.51,-13.43,-13.38
17534.18,-4.37,8.70,-10.67,3.01,-3.01,-3.06,-1.87,-7.38,-13.68,-13.06
17709.53,-3.60,9.19,-10.89,3.06,-3.06,-3.11,-1.66,-6.65,-13.94,-12.78
17886.62,-3.82,8.73,-11.10,3.10,-3.10,-3.15,-1.45,-6.92,-14.20,-12.54
18065.49,-4.61,7.93,-11.32,3.14,-3.14,-3.19,-1.27,-7.75,-14.46,-12.53
18246.14,-5.66,7.06,-11.54,3.19,-3.19,-3.23,-1.10,-8.85,-14.73,-12.71
18428.60,-6.79,6.14,-11.76,3.24,-3.24,-3.27,-0.95,-10.02,-14.99,-12.92
18612.89,-7.80,5.36,-11.98,3.28,-3.28,-3.31,-0.81,-11.08,-15.26,-13.15
18799.02,-8.43,4.99,-12.21,3.33,-3.33,-3.34,-0.69,-11.75,-15.53,-13.41
18987.01,-8.93,4.76,-12.43,3.37,-3.37,-3.36,-0.59,-12.30,-15.81,-13.68
19176.88,-9.35,4.94,-12.66,3.42,-3.42,-3.39,-0.50,-12.76,-16.08,-14.28
19368.65,-9.64,5.30,-12.89,3.46,-3.46,-3.40,-0.41,-13.10,-16.36,-14.93
19562.33,-9.93,5.67,-13.13,3.51,-3.51,-3.41,-0.34,-13.44,-16.64,-15.59
19757.96,-10.23,6.07,-13.36,3.56,-3.56,-3.41,-0.28,-13.78,-16.92,-16.29
19955.54,-10.58,6.43,-13.60,3.60,-3.60,-3.40,-0.23,-14.18,-17.20,-17.00
